P/GPa anatase baddeleyite brookite columbite cotunnite C2c fluorite hollandite 0-a-P21c 0-b-P21c 0-c-I41a 0-d-P31m 0-e-C2c 0-f-C2m 0-g-Im2m 40-a-Pnnm 60-a-R3 60-b-P21c 60-c-Pc 60-d-P62m 60-e-P21m 60-f-Pmn21 60-g-Pminus1 OIanalogue pyrite ramsdelliteAnalogue rutile TiO2B
-0.506625 NaN NaN NaN NaN NaN -870.7802716265707 NaN -867.1881769225603 -879.0110036845501 NaN NaN NaN NaN -872.0027509563487 -871.8546448612465 NaN -865.18303564621 NaN NaN NaN NaN NaN NaN -873.3642303303626 NaN NaN NaN -870.8513920165273
-0.2533125 -872.9168536492131 NaN -874.6770083842331 -877.6447110325078 NaN -869.6985885273888 NaN -865.7004192313401 -877.8628627580572 -874.3589841075574 NaN NaN NaN -870.7663957724465 -870.6976299790786 NaN -864.1492490178606 -872.9708091093527 NaN NaN NaN NaN NaN -872.2808669173417 -874.3758230388604 NaN -878.347366998002 -869.4941510221594
0. -871.6202988530752 NaN -873.4708428715111 -876.5022285085715 NaN -868.6183323188827 NaN -864.2172024466466 -876.7163699579914 -873.2597291263052 NaN NaN NaN -869.5328484478398 -869.5424344821457 NaN -863.1171877103253 -871.8794865119411 NaN NaN NaN NaN NaN -871.1993145246457 -873.300505061461 NaN -877.1939674347059 -868.1393347353012
0.2533125 -870.3272915775268 NaN -872.2665081028049 -875.3613652760537 NaN -867.5385819817759 NaN -862.7380278264939 -875.5711685835553 -872.1633011313644 NaN -869.5585376879998 NaN -868.3009004013234 -868.3889393886896 NaN -862.086805139674 -870.7898277113353 NaN NaN NaN NaN NaN -870.1194608539702 -872.226617427973 NaN -876.0421311482878 -866.7875348626427
0.506625 -869.0390556709489 NaN -871.0635902021133 -874.2221021079067 NaN -866.4602569448475 NaN -861.2627854725555 -874.4275810649681 -871.0685084276449 NaN -868.4186086422183 NaN -867.0715865326282 -867.2373337841358 NaN -861.0580661161166 -869.7018107513479 NaN NaN NaN NaN NaN -869.0412503456413 -871.1540871916345 NaN -874.8918729414481 -865.4406109751745
0.7599374999999999 -867.751568816005 NaN -869.8628194139591 -873.0844108315111 NaN -865.3839255422515 NaN -859.7915904505079 -873.2857714569731 -869.9745178832352 NaN -867.2803966141535 NaN -865.8456764907339 -866.0876660342482 NaN -860.0309574952641 -868.6154293369672 NaN NaN NaN NaN NaN -867.9646886445722 -870.0828972782607 NaN -873.7431828507221 -864.0947163459613
1.01325 -866.4624639089014 NaN -868.6647249869579 -871.9482780072881 NaN -864.3090730905815 NaN -858.3246137495034 -872.1455434183155 -868.8819878134542 NaN -866.1438962281459 NaN -864.6225731454413 -864.9398451317945 NaN -859.0054536012191 -867.53067717316 NaN NaN NaN NaN NaN -866.8897814222148 -869.0131085550373 NaN -872.5959984469354 -862.747289556884
1.2665625 -865.1758090687011 NaN -867.4684101500737 -870.8137094165584 NaN -863.235658625263 NaN -856.8621158660999 -871.0068589856113 -867.790937095968 NaN -865.0090784270601 NaN -863.4021894195793 -863.7938212174807 NaN -857.9815071739946 -866.4475291686446 NaN NaN NaN NaN NaN -865.816533906852 -867.9447464157707 NaN -871.4506671319426 -861.4024231042848
1.5198749999999999 -863.8936564959796 NaN -866.2736261798154 -869.6807106553675 NaN -862.1636438337629 NaN -855.404341628314 -869.8697156521237 -866.7013794654388 NaN -863.8758949543351 NaN -862.1843895293073 -862.6495610865198 NaN -856.9590708020705 -865.3659421778767 NaN NaN NaN NaN NaN -864.7449435949537 -866.8777919477759 NaN -870.3095031313538 -860.0618652678125
1.7731875 -862.6139443837297 NaN -865.0807113269716 -868.5492619264019 NaN -861.0930090050588 NaN -853.9505675275458 -868.7341650309121 -865.6132820273396 NaN -862.7443254117819 NaN -860.9691257675061 -861.5070897590651 NaN -855.9381317153403 -864.2859045110819 NaN NaN NaN NaN NaN -863.6750298055227 -865.8121996473415 NaN -869.1683049345452 -858.723583235013
2.0265 -861.3365331045613 NaN -863.8895962570327 -867.4193460014199 NaN -860.0237472130628 NaN -852.5004241255093 -867.600208969405 -864.5265963730769 NaN -861.6143827401627 NaN -859.7564023178336 -860.3664325430879 NaN -854.9187044457647 -863.2074143922075 NaN NaN NaN NaN NaN -862.6067655088821 -864.7479239241785 NaN -868.0246353254093 -857.38752614265
2.2798125 -860.061288090986 NaN -862.7002144635672 -866.2909611867922 NaN -858.955849715785 NaN -851.0541533419216 -866.4677904106463 -863.4413057731587 NaN -860.4860780349558 NaN -858.5461987659376 -859.2276134791019 NaN -853.9007703381027 -862.1304389990414 NaN NaN NaN NaN NaN -861.5400560834727 -863.6849327719798 NaN -866.8836028991884 -856.0536435942252
2.533125 -858.7882106120173 NaN -861.5125959414501 -865.1641054340462 NaN -857.8892968410365 NaN -849.6119016858361 -865.3368522559532 -862.3573935567093 NaN -859.3594016740461 NaN -857.338501611229 -858.0906553514766 NaN -852.8843098838723 -861.0549452993251 NaN NaN NaN NaN NaN -860.4748066280865 -862.6232081157003 NaN -865.7454025748464 -854.7219186532899
2.7864375 -857.51736895985 NaN -860.3267979027745 -864.0387630824558 NaN -856.8240577392077 NaN -848.1735919864542 -864.2073913304467 -861.2748793262465 NaN -858.2342988811644 NaN -856.1333087527873 NaN NaN -851.8693021844559 -859.9809534041531 NaN NaN NaN NaN NaN -859.4109986825877 -861.5627611553382 NaN -864.6087142539931 -853.3923594777434
3.0397499999999997 -856.2487639544509 NaN -859.142747562295 -862.9149131582735 NaN -855.7601016020432 NaN -846.7391406775911 -863.0794520161642 -860.1937703632191 NaN -857.110737972877 NaN -854.9306181714987 NaN NaN -850.8557263264722 -858.9084867063577 NaN NaN NaN NaN NaN -858.3486882092329 -860.5036323765565 NaN -863.4734618050683 -852.065026906002
3.2930625 -854.9823960661859 NaN -857.960391095207 -861.7925034754935 NaN -854.6974450335175 NaN -845.3082816215821 -861.9530229846405 -859.1140398266318 NaN -855.9887252299869 NaN -853.7303887157335 NaN NaN -849.8435400363378 -857.8375077282351 NaN NaN NaN NaN NaN -857.2878931618544 -859.4458101324888 NaN -862.3395673757855 -850.7399247729786
3.546375 -853.7181901483601 NaN -856.779737349994 -860.6715230972054 NaN -853.6361439342288 NaN -843.8809427110393 -860.8280512850032 -858.0356609628896 NaN -854.868267160776 NaN -852.5325550983341 NaN NaN -848.8326784894191 -856.7679789508476 NaN NaN NaN NaN NaN -856.2286082306402 -858.3892780554193 NaN -861.2070705721467 -849.4169778049438
3.7996874999999997 -852.4561121338077 NaN -855.6007952655757 -859.5519978686042 NaN -852.5761826410935 NaN -842.4572367090545 -859.7044742064397 -856.9586317359349 NaN -853.7493662613081 NaN -851.3371011596878 NaN NaN -847.8231174842559 -855.6998686636607 NaN NaN NaN NaN NaN -855.1707958897907 -857.3340111908855 NaN -860.0760159507278 -848.0961112103039
4.053 -851.1961958326344 NaN -854.4235782285368 -858.4339194700183 NaN -851.5175008828065 NaN -841.0372613438107 -858.5822693970346 -855.8829679188417 NaN -852.6320219036653 NaN -850.1440110992971 NaN NaN -846.8148661477028 -854.6331502061569 NaN NaN NaN NaN NaN -854.1144185205161 -856.2799844724764 NaN -858.9463632923118 -846.7773183884511
4.3063125 -849.9384747176723 NaN -853.24806345313 -857.3172671564516 NaN -850.4600739629749 NaN -839.6207932350317 -857.4614731864696 -854.8086296140624 NaN -851.516204190808 NaN -848.953267085749 NaN NaN -845.8079184191822 -853.5678497459684 NaN NaN NaN NaN NaN -853.0594533147596 -855.2271936161956 NaN -857.8180926387352 -845.4606320225743
4.559625 -848.6829274603288 NaN -852.0741977853451 -856.2020182326522 NaN -849.4038864473675 NaN -838.2075432148816 -856.3421220837921 -853.7355762179064 NaN -850.4018657784877 NaN -847.7648655247949 NaN NaN -844.8022673206236 -852.5039917099206 NaN NaN NaN NaN NaN -852.0058963417314 -854.175671453866 NaN -856.6912113933304 -844.1459864684082
4.812937499999999 -847.4295107650526 NaN -850.9019559642896 -855.0881273106226 NaN -848.348944582545 NaN -836.7979920409505 -855.2242101121029 -852.6638248711499 NaN -849.2889489273047 NaN -846.5788152142603 NaN NaN -843.7979044010667 -851.4415275555369 NaN NaN NaN NaN NaN -850.9537329863562 -853.1253889796167 NaN -855.5657083838296 -842.8333560221033
5.06625 -846.1782052816443 NaN -849.7313421360977 -853.975595971603 NaN -847.29527710296 NaN -835.3923405770618 -854.1076968444826 -851.5933927151692 NaN -848.1774323925341 NaN -845.3951246612506 NaN NaN -842.7948212004588 -850.3804190054694 NaN NaN NaN NaN NaN -849.9029466908481 -852.0762779103702 NaN -854.4415659206564 -841.5228028665512
5.3195625 -844.928990912564 NaN -848.5623602349559 -852.8644609390212 NaN -846.2428835017266 NaN -833.9901226871273 -852.9925583833316 -850.5242675132035 NaN -847.0673325809063 NaN -844.2137229309271 NaN NaN -841.7930034201298 -849.3206396929322 NaN NaN NaN NaN NaN -848.8534962778571 -851.0283624167162 NaN -853.3187644162774 -840.2143103355064
5.572875 -843.6818042749544 NaN -847.3950032918855 -851.7547018669464 NaN -845.1917353689965 NaN -832.5908722605095 -851.8787842934172 -849.4564159474176 NaN -845.9586635756119 NaN -843.0344861336195 NaN NaN -840.7924322305292 -848.2621768083116 NaN NaN NaN NaN NaN -847.8053625313203 -849.9816589265334 NaN -852.1972550319063 -838.9078181670009
5.8261875 -842.4365653187153 NaN -846.2292604783843 -850.6462751288318 NaN -844.1418059109351 NaN -831.1947628893116 -850.7663697035897 -848.3898118555429 NaN -844.8514619075179 NaN -841.8574377872177 NaN NaN -839.7930976643861 -847.205038612582 NaN NaN NaN NaN NaN -846.7585869736531 -848.9361470221429 NaN -851.0769947911263 -837.6032696556542
6.0794999999999995 -841.1932704002311 NaN -845.0651459959709 -849.5391439028957 NaN -843.0930749330107 NaN NaN -849.6553129174366 -847.3244486133402 NaN -843.745713164869 NaN -840.6826122283721 NaN NaN -838.7949834979888 -846.1492334642468 NaN NaN NaN NaN NaN -845.7131814630387 -847.8918051297651 NaN -849.9580795156444 -836.3006921552524
6.3328125 -839.9519499201798 NaN -843.9026391605953 -848.4333456437193 NaN -842.0455321881905 NaN NaN -848.5456159300924 -846.2603314317136 NaN -842.6413389223462 NaN -839.5099593094918 NaN NaN -837.7980624344609 -845.0947503981101 NaN NaN NaN NaN NaN -844.6691176897747 -846.8486154696255 NaN -848.8405148894997 -835.0000738594662
6.586125 -838.7126609693354 NaN -842.7416951023412 -847.328890955828 NaN -840.999167658709 NaN NaN -847.437280739272 -845.1974654161993 NaN -841.5382609055782 NaN -838.3394501066106 NaN NaN -836.8023070809951 -844.041555257861 NaN NaN NaN NaN NaN -843.626367257363 -845.8065698786088 NaN -847.7242518041446 -833.7013446107187
6.8394375 -837.4753899447202 NaN -841.582270583997 -846.2257839600396 NaN -839.9539838169702 NaN NaN -846.3302859773727 -844.1358145888117 NaN -840.4365335980439 NaN -837.1710757251793 NaN NaN -835.8077116610377 -842.9896328123751 NaN NaN NaN NaN NaN -842.5849007561618 -844.765665015794 NaN -846.6092431506802 -832.4044926211182
7.09275 -836.2400501705508 NaN -840.4243867054963 -845.1239892970895 NaN -838.9099890566736 NaN NaN -845.224594842774 -843.0753544467194 NaN -839.3362075685166 NaN -836.0048265539953 NaN NaN -834.814284384293 -841.9389861557592 NaN NaN NaN NaN NaN -841.5446874768927 -843.725915858154 NaN -845.495469715534 -831.1095497037819
7.3460624999999995 -835.0066267746989 NaN -839.268082938376 -844.0234626607656 NaN -837.8671955053418 NaN NaN -844.1201870134778 -842.0160958242507 NaN -838.2372101530875 NaN -834.8406409733185 NaN NaN -833.8220120513682 -840.8896210423467 NaN NaN NaN NaN NaN -840.5057088715673 -842.6873113247043 NaN -844.3829160193907 -829.816547404395
7.599374999999999 -833.7751562348041 NaN -838.1132971114762 -842.9241728523458 NaN -836.8256066178736 NaN NaN -843.0170421684609 -840.9580495266417 NaN -837.1395076955216 NaN -833.6784762352466 NaN NaN -832.8308813975364 -839.8415331171649 NaN NaN NaN NaN NaN -839.4679743762468 -841.6498105167844 NaN -843.2716082222918 -828.525487221084
7.8526875 -832.5456740418177 NaN -836.9599997793589 -841.8261768467573 NaN -835.7852124789874 NaN NaN -841.9151503246103 -839.9012105635537 NaN -836.0431251521676 NaN -832.5183070074567 NaN NaN -831.840883083493 -838.7946905697396 NaN NaN NaN NaN NaN -838.4314986898385 -840.6134209251995 NaN -842.1615546878652 -827.2363208930374
8.106 -831.3181309528097 NaN -835.8082107445961 -840.7294749157475 NaN -834.7460031627708 NaN NaN -840.8145118455715 -838.8455615768305 NaN -834.9480724722019 NaN -831.3601400654707 NaN NaN -830.8520137236055 -837.7490691690351 NaN NaN NaN NaN NaN -837.3962828524616 -839.578151522954 NaN -841.0527483676668 -825.9489610408076
8.3593125 -830.0924896163613 NaN -834.6579491819094 -839.6340576235057 NaN -833.7079491548698 NaN NaN -839.7151554971246 -837.7910949132735 NaN -833.8543477100504 NaN -830.2040085692962 NaN NaN -829.8642529205368 -836.7046652437093 NaN NaN NaN NaN NaN -836.3623015302995 -838.5440004662656 NaN -839.9451815478795 -824.6634085177049
8.612625 -828.8687601640064 NaN -833.5092021205203 -838.5398885992698 NaN -832.6710327985211 NaN NaN -838.6170916667056 -836.7377999253298 NaN -832.7619347048449 NaN -829.0499443946917 NaN NaN -828.8775554904095 -835.6614755202673 NaN NaN NaN NaN NaN -835.3295291105427 -837.5109652915351 NaN -838.8388361130937 -823.3797445477645
8.8659375 -827.646951398244 NaN -832.3619443597271 -837.4469250633059 NaN -831.6352678139465 NaN NaN -837.5202666697838 -835.6856598676472 NaN -831.6708015779116 NaN -827.8978687251007 NaN NaN -827.8919194333305 -834.6194908135491 NaN NaN NaN NaN NaN -834.2979559044206 -836.4790335913649 NaN -837.7336932183055 -822.097968307323
9.11925 -826.4269947498192 NaN -831.2161445980564 -836.3551342542903 NaN -830.6006679600267 NaN NaN -836.4246583547986 -834.6346579850942 NaN -830.5809165948946 NaN -826.7476485882366 NaN NaN -826.9073753420912 -833.5786933585194 NaN NaN NaN NaN NaN -833.2675833997514 -835.4481672838613 NaN -836.6297325699023 -820.8179924629969
9.372562499999999 -825.2087935535851 NaN -830.0717872227261 -835.2645534437543 NaN -829.5672462899821 NaN NaN -835.3302818148944 -833.5847882434599 NaN -829.4922784236833 NaN -825.5993077328611 NaN NaN -825.9239088566839 -832.539069375701 NaN NaN NaN NaN NaN -832.2383954549695 -834.4183439887601 NaN -835.5269370934222 -819.5398348615538
9.625874999999999 -823.9923781036459 NaN -828.928867436302 -834.1752417178168 NaN -828.5350153140988 NaN NaN -834.2371521582919 -832.536054740519 NaN -828.4049052047864 NaN -824.4529352757108 NaN NaN -824.9415048753137 -831.5006112302474 NaN NaN NaN NaN NaN -831.2103794573306 -833.3895644995297 NaN -834.4253260215196 -818.2635746064258
9.8791875 -822.7778226073061 NaN -827.7873803429816 -833.0873273640761 NaN -827.5039397738209 NaN NaN -833.1452491490967 -831.4884612115162 NaN -827.3187926160781 NaN -823.3085615726255 NaN NaN -823.960145696242 -830.4633154565158 NaN NaN NaN NaN NaN -830.1835297760157 -832.3618209701226 NaN -833.3249005028398 -816.9892816060951
10.1325 -821.5651471186044 NaN -826.6473174254305 -832.0004277975311 NaN -826.4739433784558 NaN NaN -832.054521476288 -830.4419947883247 NaN -826.2339175955365 NaN -822.1661699973379 NaN NaN -822.979809910276 -829.4271775617838 NaN NaN NaN NaN NaN -829.157840851673 -831.3351067356629 NaN -832.2256521853014 -815.7167563888595
10.3858125 -820.35431321947 NaN -825.5086696279021 -830.9145174958335 NaN -825.445059166805 NaN NaN -830.9649596239868 -829.3966107639474 NaN -825.1502431834527 NaN -821.0256684514693 NaN NaN -822.0005089174878 -828.3921904835588 NaN NaN NaN NaN NaN -828.133302667311 -830.3094318084875 NaN -831.1275750016808 -814.4459761821441
10.639125 -819.1452546387019 NaN -824.371449246374 -829.8299172151201 NaN -824.4173840266014 NaN NaN -829.8765858275816 -828.3523002298997 NaN -824.0677594535811 NaN -819.8869645429186 NaN NaN -821.0222700479508 -827.3583471147446 NaN NaN NaN NaN NaN -827.1098996775357 -829.2848070888788 NaN -830.0306634046602 -813.1771206843629
10.8924375 -817.9379527870042 NaN -823.2356622305294 -828.7465342571996 NaN -823.3909670403933 NaN NaN -828.7894301244281 -827.3090937650052 NaN -822.9864873849219 NaN -818.7500724616591 NaN NaN -820.0450599633892 -826.3256367602309 NaN NaN NaN NaN NaN -826.0876296132445 -828.2612351126787 NaN -828.9349042343072 -811.9102115423673
11.14575 -816.7324168755576 NaN -822.1013050907161 -827.664320797249 NaN -822.3658271500954 NaN NaN -827.7034960899425 -826.2670217841157 NaN -821.9064479692576 NaN -817.6150738860255 NaN NaN -819.0688441953879 -825.2940423525761 NaN NaN NaN NaN NaN -825.0664922881843 -827.2386876910265 NaN -827.8402339157005 -810.6451480665102
11.3990625 -815.5286570537919 NaN -820.9683734980805 -826.5832462096067 NaN -821.3419315228409 NaN NaN -826.6187581568769 -825.226065791661 NaN -820.8276095910402 NaN -816.4819028107088 NaN NaN -818.0936096129269 -824.2635528796721 NaN NaN NaN NaN NaN -824.0464559248529 -826.2171472963017 NaN -826.7466610146386 -809.3819387469727
11.652375 -814.3267120323293 NaN -819.8368400947791 -825.5032959497082 NaN -820.319246877996 NaN NaN -825.5351907371405 -824.1861727139769 NaN -819.7499308237689 NaN -815.3504646615607 NaN NaN -817.1193754697814 -823.2341638398474 NaN NaN NaN NaN NaN -823.0274967580274 -825.1966100949388 NaN -825.6542212016768 -808.1206367044184
11.905687499999999 -813.1266186689985 NaN -818.706687994778 -824.4245183141802 NaN -819.2978162029631 NaN NaN -824.4527450642373 -823.1473227368568 NaN -818.673448834671 NaN NaN NaN NaN -816.1461350018279 -822.205868613039 NaN NaN NaN NaN NaN -822.0096273979922 -824.1770777086416 NaN -824.5629139230169 -806.8613186866305
12.158999999999999 -811.9282274346178 NaN -817.5779125425902 -823.3469011953982 NaN -818.277694714925 NaN NaN -823.3714064113361 -822.1095229469792 NaN -817.598175812175 NaN NaN NaN NaN -815.1738807776519 -821.1786605318658 NaN NaN NaN NaN NaN -820.9928617161675 -823.1585517453334 NaN -823.4727299122884 -805.6040737985423
12.412312499999999 -810.7315031680241 NaN -816.4505029405321 -822.2704188847889 NaN -817.2588408798574 NaN NaN -822.2911968760559 -821.0727905611908 NaN -816.5240844405979 NaN NaN NaN NaN -814.2026045426406 -820.1525417524887 NaN NaN NaN NaN NaN -819.9772019688089 -822.1410355238237 NaN -822.3836576311389 -804.3489958147172
12.665625 -809.5365036297213 NaN -815.3244454670019 -821.1950483293836 -810.4227086953678 -816.2412130304685 NaN NaN -821.2121385193888 -820.0371223672669 NaN -815.4511472014163 NaN NaN NaN NaN -813.2322949455861 -819.127514871744 NaN NaN NaN NaN NaN -818.9626244030177 -821.1245229002633 NaN -821.2956650637252 -803.0963001418676
12.9189375 -808.343242455529 NaN -814.1997271247612 -820.1207915688213 -809.4496083428647 -815.2248411304009 NaN NaN -820.1342159240154 -819.0024948831262 NaN -814.3793607532875 NaN NaN NaN NaN -812.2629384641842 -818.1035624008883 NaN NaN NaN NaN NaN -817.9491195611093 -820.1089879323864 NaN -820.2087213294799 NaN
13.17225 -807.1517157238383 NaN -813.0763555977699 -819.047652101393 -808.4781503042973 -814.2098116315055 NaN NaN -819.0573981251256 -817.9688846452284 NaN -813.308744247935 NaN NaN NaN NaN -811.2945241789323 -817.0806665093372 NaN NaN NaN NaN NaN -816.936678095417 -819.0944037480157 NaN -819.1228122975522 NaN
13.4255625 -805.9619183623882 NaN -811.9543427294391 -817.9756313269264 -807.5082400814628 -813.1960631556867 NaN NaN -817.9816722238297 -816.93630558227 NaN -812.2392642368773 NaN NaN NaN NaN -810.3270477936416 -816.0588080374632 NaN NaN NaN NaN NaN -815.9252860751677 -818.0807567846251 NaN -818.0379738765494 NaN
13.678875 -804.773817329574 NaN -810.8336952358329 -816.9047226890603 -806.5398279596344 -812.1834710247663 NaN NaN -816.9070357626872 -815.9048043334276 NaN -811.1708565704507 NaN NaN NaN NaN -809.360505119121 -815.0379645282547 NaN NaN NaN NaN NaN -814.9149293245606 -817.0680867130632 NaN -816.9542499480336 NaN
13.9321875 -803.5873729931039 NaN -809.7144209266363 -815.8348797239681 -805.5728842281392 -811.1719992420618 NaN NaN -815.833500056038 -814.8743264172638 NaN -810.1035338385732 NaN NaN NaN NaN -808.3948883540214 -814.0181359371312 NaN NaN NaN NaN NaN -813.9056050491495 -816.0564055096718 NaN -815.8716748314758 NaN
14.1855 -802.4025327185881 NaN -808.5965486068037 -814.7661022184383 -804.6073795786867 -810.1616647359788 NaN NaN -814.7610764483125 -813.8448082280288 NaN -809.0373350413099 NaN NaN NaN NaN -807.4301822439221 -812.9993613967534 NaN NaN NaN NaN NaN -812.8973254188363 -815.0456618160288 NaN -814.7901699301949 NaN
14.4388125 -801.2193026768576 NaN -807.4800550764389 -813.6983992589933 -803.6432853663108 -809.152552333122 NaN NaN -813.6897608641046 -812.8162582694273 NaN -807.9722452385196 NaN NaN NaN NaN -806.466381367862 -811.981615697466 NaN NaN NaN NaN NaN -811.8900788187889 -814.0358473856356 NaN -813.7096939186397 NaN
14.692124999999999 -800.0377079468224 NaN -806.3648958719425 -812.6317790724806 -802.6805495650481 -808.1447466107761 NaN NaN -812.6195337348947 -811.7886877101197 NaN -806.908249466825 NaN NaN NaN NaN -805.5034912569092 -810.9648728992373 NaN NaN NaN NaN NaN -810.8838526967356 -813.0269612761134 NaN -812.6302295957138 NaN
14.945437499999999 -798.8577733549963 NaN -805.2510314614874 -811.5662442490112 -801.719094496825 -807.1382074176305 NaN NaN -811.5503859868246 -810.7621246676379 NaN -805.845330090786 NaN NaN NaN NaN -804.5415060041124 -809.9491323808518 NaN NaN NaN NaN NaN -809.8786342490711 -812.0190003957557 NaN -811.5517724594407 NaN
15.198749999999999 -797.679517869293 NaN -804.1385180013363 -810.50178587605 -800.758897820303 -806.1328045037093 NaN NaN -810.4823085641252 -809.7365706169624 NaN -804.7834667945046 NaN NaN NaN NaN -803.5804192822121 -808.9343948061335 NaN NaN NaN NaN NaN -808.8744175316555 -811.0119565596591 NaN -810.4744027810688 NaN
15.4520625 -796.5029574178468 NaN -803.0273562615525 -809.4383337178449 -799.7999615371498 -805.128467361826 NaN NaN -809.4152881314534 -808.7119850415054 NaN -803.7226660593284 NaN NaN NaN NaN -802.6202252655053 -807.920653050631 NaN NaN NaN NaN NaN -807.871203540671 -810.0058323603304 NaN -809.3980790514967 NaN
15.705375 -795.3280451275414 NaN -801.9175091037549 -808.3759008365981 -798.8422785749975 -804.1252037885777 NaN NaN -808.349306561981 -807.6883536736741 NaN -802.6629627413519 NaN NaN NaN NaN -801.6609194061147 -806.9078934768243 NaN NaN NaN NaN NaN -806.8689934108212 -809.0006334877353 NaN -808.3226977674266 NaN
15.9586875 -794.1547262794737 NaN -800.8089435766097 -807.3145170793489 -797.8857090968235 -803.1230675232962 NaN NaN -807.2843816510126 -806.6656936629334 NaN -801.6043066996677 NaN NaN NaN NaN -800.7024824593799 -805.8961214050194 NaN NaN NaN NaN NaN -805.8677839341836 -807.9963481681207 NaN -807.2482805382128 NaN
16.212 -792.9829630456296 NaN -799.7016960386662 -806.2542005023864 -796.930259415827 -802.1220771932152 NaN NaN -806.2205281341567 -805.6440221551716 NaN -800.5466450306393 NaN NaN NaN NaN -799.7448866133377 -804.8853428067825 NaN NaN NaN NaN NaN -804.8675606851826 -806.9929615368903 NaN -806.1748805710546 NaN
16.4653125 -791.812721804147 NaN -798.5958063453843 -805.194892195443 -795.9760009326714 -801.1222160195867 NaN NaN -805.1577251480726 -804.6233264756135 NaN -799.4900406167218 NaN NaN NaN NaN -798.7881491672545 -803.8755546371971 NaN NaN NaN NaN NaN -803.868310000491 -805.9904665520127 NaN -805.1025409204095 NaN
16.718625 -790.6440451787391 NaN -797.4912625433202 -804.1365892261385 -795.0229940176873 -800.1234564922845 NaN NaN -804.0959518424751 -803.603569671723 NaN -798.4345236799305 NaN NaN NaN NaN -797.8322867937685 -802.8667334080857 NaN NaN NaN NaN NaN -802.8700194503488 -804.9888571074207 NaN -804.0312083344841 NaN
16.9719375 -789.4769853873861 NaN -796.3880547648207 -803.0793036977522 -794.0711411140995 -799.1257317770101 NaN NaN -803.0351983724358 -802.5847474694626 NaN -797.3800517518955 NaN NaN NaN NaN -796.8773005915699 -801.8588714991342 NaN NaN NaN NaN NaN -801.8726897791859 -803.9881300022811 NaN -802.9608455155798 NaN
17.22525 -788.3116132869683 NaN -795.2861826916774 -802.0230365141609 -793.1203409949792 -798.1290247214794 NaN NaN -801.9754640007696 -801.5668750978073 NaN -796.32658131105 NaN NaN NaN NaN -795.92319087883 -800.8519729807851 NaN NaN NaN NaN NaN -800.8763222467217 -802.9882988575264 NaN -801.8914952148093 NaN
17.4785625 -787.1478934224014 NaN -794.1856432289397 -800.967727198149 -792.1706003010779 -797.133384282082 NaN NaN -800.9167412698389 -800.5499408850283 NaN -795.2741208942722 NaN NaN NaN NaN -794.9699493515266 -799.8460203195161 NaN NaN NaN NaN NaN -799.880917575025 -801.9893698153204 NaN -800.8231487103901 NaN
17.731875 -785.9857574971783 NaN -793.0864323898677 -799.9134047947828 -791.2219346087968 -796.1388595671447 NaN NaN -799.8590207157115 -799.5339254509823 NaN -794.2227443194596 NaN NaN NaN NaN -794.0175507436563 -798.8409949193169 NaN NaN NaN NaN NaN -798.8864750978394 -800.9913187104445 NaN -799.7557776250704 NaN
17.9851875 -784.8251441505568 NaN -791.9885477240995 -798.8601179575884 -790.2743472599213 -795.1454316191831 NaN NaN -798.802302647411 -798.5188145989496 NaN -793.1723870058918 NaN NaN NaN NaN -793.065973108732 -797.8368845957901 NaN NaN NaN NaN NaN -797.8929800969254 -799.994129895983 NaN -798.6893748945844 NaN
18.2385 -783.6661008358811 NaN -790.8920153323801 -797.8079026287487 -789.3278321611683 -794.1530427340058 NaN NaN -797.7465951523566 -797.5046051300415 NaN -792.1229938317178 NaN NaN NaN NaN -792.1152006122675 -796.8336962498015 NaN NaN NaN NaN NaN -796.9003953131079 -798.9978125400955 NaN -797.62393749105 NaN
18.491812499999998 -782.5086657120416 NaN -789.796867730669 -796.756684721442 -788.382378764891 -793.161692926814 NaN NaN -796.6918860320252 -796.4913093954727 NaN -791.0746208767029 NaN NaN NaN NaN -791.165247543393 -795.8314286382284 NaN NaN NaN NaN NaN -795.9087231132506 -798.0023672640277 -793.2834255436533 -796.5594632977323 NaN
18.745124999999998 -781.3527047496244 NaN -788.7031430701635 -795.7064045349973 -787.4379742030688 -792.1713822122097 NaN NaN -795.6381597230902 -795.4789397972103 NaN -790.0272881250258 NaN NaN NaN NaN -790.2161293935316 -794.8300797729007 NaN NaN NaN NaN NaN -794.9179681516248 -797.0077647453137 -792.2757077985518 -795.4959562408612 NaN
18.998437499999998 -780.1982226485673 NaN -787.6108443418105 -794.6570768769973 -786.4945672157028 -791.182086843363 NaN NaN -794.5854166988561 -794.4674879614433 NaN -788.9809701582778 NaN NaN NaN NaN -789.2678423501029 -793.8296526015823 NaN NaN NaN NaN NaN -793.9281368642356 -796.013992839081 -791.2690510491925 -794.4334086573214 NaN
19.251749999999998 -779.0453059542189 NaN -786.5199508252342 -793.6087139057506 -785.5521063809668 -790.1937643348161 NaN NaN -793.5336574361635 -793.4569365606808 NaN -787.9356411938332 NaN NaN NaN NaN -788.3203440085559 -792.8301501319737 NaN NaN NaN NaN NaN -792.939240651662 -795.0210399108447 -790.2634304491611 -793.3717578403865 NaN
19.505062499999998 -777.8939299532864 NaN -785.4304878826614 -792.5613192605143 -784.6106055882005 -789.2064018421836 NaN NaN -792.48288088465 -792.4472818355462 NaN -786.8912212148416 NaN NaN NaN NaN -787.3736396135579 -791.831552404735 NaN NaN NaN NaN NaN -791.951280149186 -794.0289253031158 -789.2588214363681 -792.3110299445788 NaN
19.758375 -776.7440389180858 NaN -784.342483551743 -791.5148944256458 -783.6700842995845 -788.2200237039912 NaN NaN -791.4330768807343 -791.4385223468923 NaN -785.8477014778097 NaN NaN NaN NaN -786.4277375982499 -790.8338407647682 NaN NaN NaN NaN NaN -790.9642287312639 -793.0376794141375 -788.2552003048427 -791.2512843258017 NaN
20.0116875 -775.5955849378865 NaN -783.2560011692323 -790.4694172953252 -782.7305626821538 -787.2346648660706 NaN NaN -790.3842322251792 -790.4306595648982 NaN -784.80516231479 NaN NaN NaN NaN -785.4826445087468 -789.8370161218091 NaN NaN NaN NaN NaN -789.9780612965556 -792.0472907119727 -787.2525522122905 -790.1924911014877 NaN
20.265 -774.4486108772073 NaN -782.171114333784 -789.4248692435893 -781.7920212383997 -786.250334518426 NaN NaN -789.3363337249436 -789.4236949645023 NaN -783.7636459648719 NaN NaN NaN NaN -784.5383538791813 -788.8410804180336 NaN NaN NaN NaN NaN -788.9927570212087 -791.0577409673549 -786.2508811470415 -789.1346058096391 NaN
20.5183125 -773.3031359453977 NaN NaN -788.3812663688925 -780.8544292472847 -785.2670065267914 NaN NaN -788.2893771196349 -788.4176160927427 NaN -782.723103568163 NaN NaN NaN NaN -783.5948527099122 -787.8460303104661 NaN NaN NaN NaN NaN -788.0083382920868 -790.0690138669922 -785.2501673435371 -788.0775950291448 NaN
20.771625 -772.1591663322448 NaN NaN -787.3386203157327 -779.9177518559621 -784.2846546598995 NaN NaN -787.2433658517361 -787.4123964668979 NaN -781.683484493783 NaN NaN NaN NaN -782.6521287841617 -786.851851995586 NaN NaN NaN NaN NaN -787.0248270812082 -789.0811090929765 -784.25038934539 -787.021515401597 NaN
21.0249375 -771.0166898616577 NaN NaN -786.2969017513617 -778.9819517995935 -783.3032565711117 NaN NaN -786.1983065282493 -786.4080319701707 NaN -780.6447889804922 NaN NaN NaN NaN -781.7101822483963 -785.8585438375713 NaN NaN NaN NaN NaN -786.0422049570892 -788.0940215348154 -783.2515284145119 -785.966400596387 NaN
21.27825 -769.875690019439 NaN NaN -785.2561028160861 -778.0470478858313 -782.3227934141042 NaN NaN -785.1542123687012 -785.4045305913803 NaN -779.6070616771499 NaN NaN NaN NaN -780.7690140691517 -784.8661048414208 NaN NaN NaN NaN NaN -785.0604507712167 -787.1077255431044 -782.2535752188891 -784.912180527076 NaN
21.5315625 -768.7361552605951 NaN NaN -784.2162253095521 -777.1130845087989 -781.3432739802711 NaN NaN -784.1110771057832 -784.4018896827708 NaN -778.5702665918656 NaN NaN NaN NaN -779.8286271920797 -783.8745328452229 NaN NaN NaN NaN NaN -784.0795535790234 -786.122221391697 -781.2565212176349 -783.8588456782966 NaN
21.784875 -767.5981353677142 NaN NaN -783.1772680275899 -776.180035270887 -780.3647039553937 NaN NaN -783.0688805654312 -783.4001047294652 NaN -777.5343779293838 NaN NaN NaN NaN -778.8890234042952 -782.8838256223356 NaN NaN NaN NaN NaN -783.0995340335675 -785.1375169783582 -780.2603695555586 -782.8064032689417 NaN
22.0381875 -766.4616706348016 NaN NaN -782.1392290919486 -775.2478346790905 -779.387058486324 NaN NaN -782.0276153217176 -782.3991749101741 NaN -776.4994325112365 NaN NaN NaN NaN -777.9501925051284 -781.8939767208076 NaN NaN NaN NaN NaN -782.1203887448648 -784.1536143309627 -779.2651182926076 -781.7548733272432 NaN
22.2915 -765.3266906577995 NaN NaN -781.1021081598925 -774.3164980966828 -778.410312901143 NaN NaN -780.9872794606865 -781.3990994039578 NaN -775.4654362493943 NaN NaN NaN NaN -777.012123603771 -780.904965478965 NaN NaN NaN NaN NaN -781.1420662416367 -783.1705141699761 -778.270764904499 -780.704287581716 NaN
22.5448125 -764.1931362163664 NaN NaN -780.0659231614204 -773.3860588099826 -777.4344921148977 NaN NaN -779.947861226021 -780.3998733493552 NaN -774.4323648142839 NaN NaN NaN NaN -776.0748051316008 -779.9167868544039 NaN NaN NaN NaN NaN -780.1645543556986 -782.1882151796926 -777.277298957539 -779.6546128513149 NaN
22.798125 -763.0610441618455 NaN NaN -779.0306808534743 -772.4565430795368 -776.459615197754 NaN NaN -778.9093511627866 -779.4014880207253 NaN -773.4001940914554 NaN NaN NaN NaN -775.1382231073786 -778.9294597481901 NaN NaN NaN NaN NaN -779.1879142068776 -781.2067000861266 -776.2846943627261 -778.6058059614672 NaN
23.0514375 -761.9304040424668 NaN NaN -777.9962925627227 -771.5279116258888 -775.4856589248252 NaN NaN -777.8717507102347 -778.4039175269648 NaN -772.3689304590661 NaN NaN NaN NaN -774.2023689780586 -777.9429649572918 NaN NaN NaN NaN NaN -778.2121411174497 -780.2259663095268 -775.2929412670134 -777.5578346933543 NaN
23.30475 -760.8011729821005 NaN NaN -776.9627633568688 -770.6001271953287 -774.5126112999798 NaN NaN -776.8350545289217 -777.4071604025635 NaN -771.3385980297827 NaN NaN NaN NaN -773.2672509312856 -776.9572801204147 NaN NaN NaN NaN NaN -777.2372235751232 -779.2460145476706 -774.3020319546971 -776.5107290584692 NaN
23.5580625 -759.6733639268203 NaN NaN -775.9301283386798 -769.6731615333539 -773.5404730125088 NaN NaN -775.7992496922493 -776.4112444834429 NaN -770.3091689086825 NaN NaN NaN NaN -772.3328693112969 -775.9724042234782 NaN NaN NaN NaN NaN -776.2631500373217 -778.2668502071235 -773.3119808656116 -775.4644977188555 NaN
23.811374999999998 -758.5470021562353 NaN NaN -774.8984177477857 -768.7470229797661 -772.569244758154 NaN NaN -774.7643232702483 -775.4161974913121 NaN -769.2805806043789 NaN NaN NaN NaN -771.3992163213297 -774.9883844852512 NaN NaN NaN NaN NaN -775.2899116339208 -777.2884798234627 -772.3228039806496 -774.4191016487702 NaN
24.064687499999998 -757.4221089317356 NaN NaN -773.8676014364665 -767.8217319695875 -771.5989041741293 NaN NaN -773.730284710944 -774.4219963527382 NaN -768.2528509209325 NaN NaN NaN NaN -770.4662915884883 -774.0051898412255 NaN NaN NaN NaN NaN -774.3175041947945 -776.3109077860845 -771.3345086265027 -773.3745514721376 NaN
24.317999999999998 -756.2986593206406 NaN NaN -772.8376544768964 -766.8972844994678 -770.6294317980152 NaN NaN -772.6971436201735 -773.4285793440058 NaN -767.2260149644817 NaN NaN NaN NaN -769.5340957441728 -773.0227821266043 NaN NaN NaN NaN NaN -773.3459235347905 -775.3341080235681 -770.3470670333928 -772.3308680298323 NaN
24.571312499999998 -755.1766284018962 NaN NaN -771.8086102716267 -765.9736744059924 -769.6608327340756 NaN NaN -771.6648875638389 -772.4359467566989 NaN -766.2000527303245 NaN NaN NaN NaN -768.6026411565971 -772.041166611733 NaN NaN NaN NaN NaN -772.3751536644846 -774.3579267571323 -769.3604606842358 -771.2880412900187 NaN
24.824624999999997 -754.0559978340692 NaN NaN -770.7804549073469 -765.0508829035003 -768.6931104798508 NaN NaN -770.6335041082757 -771.4441272587588 NaN -765.1749554630582 NaN NaN NaN NaN -767.6719404881391 -771.0603522035997 NaN NaN NaN NaN NaN -771.4051776438082 -773.3815523620459 -768.3746715316078 -770.2460562584561 NaN
25.077937499999997 -752.9367717925371 NaN NaN -769.7531574289842 -764.1288878448192 -767.7262664171777 NaN NaN -769.6029890895024 -770.4531155461738 NaN -764.1507373811802 NaN NaN NaN NaN -766.7419664939107 -770.0803480249956 NaN NaN NaN NaN NaN -770.4359948203416 -772.4066870729899 -767.3896861865272 -769.2049189636718 NaN
25.33125 -751.8189553455169 NaN NaN -768.7266872334469 -763.2076693960765 -766.7603019062535 NaN NaN -768.5733481093374 -769.4629062848294 NaN -763.1273993483976 NaN NaN NaN NaN -765.8126887988415 -769.1011641436606 NaN NaN NaN NaN NaN -769.4676376797727 -771.4339229491119 -766.4055099393161 -768.1646379288878 NaN
25.5845625 -750.7025657713648 NaN NaN -767.7010370921292 -762.2872393418826 -765.7952111747328 NaN NaN -767.5445877782065 -768.4734929316749 NaN -762.1049241887771 NaN NaN NaN NaN -764.8840872012674 -768.1228018983725 NaN NaN NaN NaN NaN -768.5000816656046 -770.4612849279335 -765.4221443133814 -767.1252266514845 NaN
25.837875 -749.5876228842875 NaN NaN -766.6762366993487 -761.3676080521102 -764.8309831863297 NaN NaN -766.5167064050623 -767.4848676839936 NaN -761.0832947070356 NaN NaN NaN NaN -763.9561884058452 -767.1452248123263 NaN NaN NaN NaN NaN -767.5333016001368 -769.488976505678 -764.4395900061457 -766.0866986272758 NaN
26.0911875 -748.4741285884638 NaN NaN -765.6523189630208 -760.4487604084406 -763.8676033840346 NaN NaN -765.4896942871047 -766.4970258330098 NaN -760.0625127765255 NaN NaN NaN NaN -763.0290057095197 -766.1684065396615 NaN NaN NaN NaN NaN -766.5673229753418 -768.5174322461143 -763.4578435385342 -765.0490153709392 NaN
26.3445 -747.3619791603724 NaN NaN -764.6293075850158 -759.5306858132899 -762.9050667005565 NaN NaN -764.4635417181589 -765.5099682636503 NaN -759.0425859279317 NaN NaN NaN NaN -762.1025496470409 -765.192343402602 NaN NaN NaN NaN NaN -765.6021743917107 -767.5466220874065 -762.4768854808171 -764.0121328739535 NaN
26.5978125 -746.2512177137451 NaN NaN -763.6071219873437 -758.6134190143483 -761.9433783627563 NaN NaN -763.4382305667081 -764.5237021104945 NaN -758.0235099274939 NaN NaN NaN NaN -761.1768027441769 -764.2170577208879 NaN NaN NaN NaN NaN -764.6378483943921 -766.5765184690567 -761.4967099450312 -762.9760230016402 NaN
26.851125 -745.1419466427238 NaN NaN -762.5857563898688 -757.6969835326975 -760.9825435749232 NaN NaN -762.4137352188671 -763.5382229133077 NaN -757.0052797413293 NaN NaN NaN NaN -760.2517450494395 -763.2425733298132 NaN NaN NaN NaN NaN -763.6742591988126 -765.6071321051915 -760.5173383957293 -761.9407304964584 NaN
27.1044375 -744.0341191328636 NaN NaN -761.5652521978984 -756.7813188966068 -760.0225292397671 NaN NaN -761.3900625865755 -762.5535124015736 NaN -755.9878896073152 NaN NaN NaN NaN -759.3273607658821 -762.2688709848562 NaN NaN NaN NaN NaN -762.7114299667289 -764.6384745935435 -759.5387633339386 -760.9062539920958 NaN
27.35775 -742.9276452240458 NaN NaN -760.5455990509394 -755.8664063165236 -759.0633100287321 NaN NaN -760.3672464715465 -761.5695522926244 NaN -754.9713337691436 NaN NaN NaN NaN -758.4036497165715 -761.2959276175054 NaN NaN NaN NaN NaN -761.7493926932824 -763.6705375191667 -758.5609740721819 -759.8725836075043 NaN
27.6110625 -741.8225421212254 NaN NaN -759.5267717188857 -754.9522420956764 -758.1049011537707 NaN NaN -759.3452690522613 -760.5863461983809 NaN -753.9556103587776 NaN NaN NaN NaN -757.4806112091482 -760.3237296617187 NaN NaN NaN NaN NaN -760.7881629194682 -762.7033265728946 -757.5839552568596 -758.8397177216381 NaN
27.864375 -740.7188587905067 NaN NaN -758.5087461687162 -754.0388227468586 -757.1473103816941 NaN NaN -758.3241095863968 -759.6039125702183 NaN -752.9407189592025 NaN NaN NaN NaN -756.5582566979551 -759.3523031816751 NaN NaN NaN NaN NaN -759.8276989490541 -761.7368622597149 -756.6076856319526 -757.8076801087336 NaN
28.1176875 -739.6165558504139 NaN NaN -757.4915210353292 -753.1261461548315 -756.1905356100419 NaN NaN -757.3037884830059 -758.6222647335758 NaN -751.9266655557614 NaN NaN NaN NaN -755.6365794760694 -758.3816553603184 NaN NaN NaN NaN NaN -758.8679811979744 -760.7711289330035 -755.6321730634947 -756.7764568145261 NaN
28.371 -738.5155795918226 NaN NaN -756.4751018910082 -752.2142108612613 -755.2345747108601 NaN NaN -756.2843161842443 -757.6413978964231 NaN -750.9134390011228 NaN NaN NaN NaN -754.7155702758608 -757.4117583110443 NaN NaN NaN NaN NaN -757.909025188854 -759.8061018054776 -754.6574285318767 -755.7460266862946 NaN
28.6243125 -737.4158899765519 NaN NaN -755.4594916146984 -751.3030237833506 -754.2794264005618 NaN NaN -755.2656909159354 -756.6612790313148 NaN -749.9010089257804 NaN NaN NaN NaN -753.7952226551971 -756.4426073840397 NaN NaN NaN NaN -753.6402084966203 -756.9508325348946 -758.8417585399505 -753.6834499201233 -754.7164083198505 NaN
28.877625 -736.3175506587202 NaN NaN -754.4446934979123 -750.3925841532425 -753.3250903136968 NaN NaN -754.2479108644999 -755.6818953655512 NaN -748.8893449541501 NaN NaN NaN NaN -752.8755432239118 -755.4742015034083 NaN NaN NaN NaN -752.664937434679 -755.9934019743339 -757.8781084396029 -752.710233873228 -753.6876246822354 NaN
29.130937499999998 -735.2206166749964 NaN NaN -753.4307171916641 -749.4828883758578 -752.371571045656 NaN NaN -753.2309527163344 -754.7032527469456 NaN -747.878473306008 NaN NaN NaN NaN -751.9565347776261 -754.5065377810399 NaN NaN NaN NaN -751.6904677772977 -755.0367235998616 -756.9151600283418 -751.7377781624815 -752.6596870279055 NaN
29.384249999999998 -734.1251319528834 NaN NaN -752.4175691833453 -748.5739307319334 -751.4188625643114 NaN NaN -752.214775367713 -753.7253570003593 NaN -746.8684282232418 NaN NaN NaN NaN -751.0381912929547 -753.53961314999 NaN NaN NaN NaN -750.7168056414434 -754.0807853259704 -755.9529068106176 -750.7660789149687 -751.6325505148505 NaN
29.637562499999998 -733.0310480503446 NaN NaN -751.4052079451375 -747.6656928713609 -750.46694528574 NaN NaN -751.19939051522 -752.7482017207967 NaN -745.8591869408724 NaN NaN NaN NaN -750.1205030998017 -752.5734255529409 NaN NaN NaN NaN -749.7439572587291 -753.1256181914217 -754.9913460790901 -749.7951596762543 -750.6061818118371 NaN
29.890874999999998 -731.9382860422606 NaN NaN -750.393631779215 -746.7581583558976 -749.5158049774986 NaN NaN -750.1848229981201 -751.771778795598 NaN -744.850737995581 NaN NaN NaN NaN -749.2034606307711 -751.6079773945687 NaN NaN NaN NaN -748.7719294236331 -752.171256743195 -754.0304749042058 -748.825064177698 -749.5805695376328 NaN
30.144187499999997 -730.8468746608658 NaN NaN -749.3828571638027 -745.851319357523 -748.5654319336281 NaN NaN -749.1710555124754 -750.7960874573173 NaN -743.8430842240125 NaN NaN NaN NaN -748.2870579108031 -750.6432592004085 NaN NaN NaN NaN -747.8007096015986 -751.2175506049734 -753.0703006271947 -747.8555260447581 -748.5557397779806 NaN
30.397499999999997 -729.7568603266847 NaN NaN -748.3728988491433 -744.9451818102723 -747.6158165319059 NaN NaN -748.1580795294382 -749.8211294415817 NaN -742.8362284852709 NaN NaN NaN NaN -747.3713068328193 -749.6792294379408 NaN NaN NaN NaN -746.8302242876073 -750.2645148648663 -752.1108329473053 -746.8865851245073 -747.5317211410934 NaN
30.650812499999997 -728.6682749674228 NaN NaN -747.3637425427748 -744.039752673865 -746.666971707357 NaN NaN -747.1458953231291 -748.8469091157889 NaN -741.8301699182801 NaN NaN NaN NaN -746.4562064652908 -748.7159061230976 NaN NaN NaN NaN -745.8604942223839 -749.3122804560821 -751.1520778281194 -745.9185064070346 -746.5085268158507 NaN
30.904125 -727.5810530967639 NaN NaN -746.3553744580882 -743.1350302803748 -745.7189260934324 NaN NaN -746.1345031652951 -747.8734308386132 NaN -740.8249000185501 NaN NaN NaN NaN -745.5417532932196 -747.7533172006972 NaN NaN NaN NaN -744.8915559267438 -748.3607671576748 -750.1940063165732 -744.9511831919613 -745.4861686787924 NaN
31.1574375 -726.4951561783702 NaN NaN -745.3478138380098 -742.2309817586515 -744.7716538150395 NaN NaN -745.1238998804427 -746.900685304355 NaN -739.8204104673525 NaN NaN NaN NaN -744.6279427696262 -746.7914570712425 NaN NaN NaN NaN -743.9234061927104 -747.4099449428054 -749.2365982877114 -743.9845844600321 -744.4646469018123 NaN
31.41075 -725.4106195823222 NaN NaN -744.3410473327705 -741.327620317677 -743.8251211978039 NaN NaN -744.1140793137713 -745.9286516019952 NaN -738.8166929458524 NaN NaN NaN -743.95626281441 -743.7147643398515 -745.8303164619778 NaN NaN NaN NaN -742.9560372261634 -746.4598412732628 -748.2798790555121 -743.0187100584955 -743.4439120813016 NaN
31.6640625 -724.3274247025215 NaN NaN -743.335049835394 -740.4249726577178 -742.8793229504097 NaN NaN -743.1050463483962 -744.9573068006881 NaN -737.813732323333 NaN NaN NaN -742.9374329008748 -742.8022102444547 -744.8698873464758 NaN NaN NaN NaN -741.9894408562353 -745.5104760928368 -747.3238339955744 -742.0535520649307 -742.423948743291 NaN
31.917375 -723.2455293491225 NaN NaN -742.3297975450894 -739.5230288376886 -741.9342659768513 NaN NaN -742.0968027007242 -743.9866535754273 NaN -736.8115072093658 NaN NaN NaN -741.9195135215658 -741.8902829958907 -743.9101618386486 NaN NaN NaN NaN -741.0236066957121 -744.5618569668006 -746.3684289075065 -741.0891017321097 -741.4048192601734 NaN
32.1706875 -722.1649792812224 NaN NaN -741.3252967345753 -738.6217718170024 -740.9899856835784 NaN NaN -741.0893390136157 -743.0167153011896 NaN -735.810065659294 NaN NaN NaN -740.9024794375397 -740.9789809077602 -742.9511336013187 NaN NaN NaN NaN -740.0585216783566 -743.6139534871122 -745.4136718431712 -740.1253543580692 -740.3865230133804 NaN
32.424 -721.08583314698 NaN NaN -740.3215652664657 -737.7211876865779 -740.0464913052766 NaN NaN -740.0826459496483 -742.0475153410465 NaN -734.8094370077127 NaN NaN NaN -739.8863055690981 -740.0683011360194 -741.9928066310537 NaN NaN NaN NaN -739.0941693033399 -742.6667307158207 -744.4595808562007 -739.1623056166461 -739.3690512750588 NaN
32.6773125 -720.0081304173955 NaN NaN -739.3186299713196 -736.8212820724258 -739.1037523168179 NaN NaN -739.0767269248821 -741.0790445871936 NaN -733.8095799689269 NaN NaN NaN -738.8710204369655 -739.1582423234844 -741.0351849229077 NaN NaN NaN NaN -738.1305587027298 -741.7202009273584 -743.5061694684039 -738.199947549421 -738.3524233051406 NaN
32.930625 -718.9317783501003 NaN NaN -738.3164768251293 -735.9220532257731 -738.1617509274166 NaN NaN -738.0715954219393 -740.1112645357354 NaN -732.8104532770166 NaN NaN NaN -737.8566535957074 -738.2488099929768 -740.0782719027754 NaN NaN NaN NaN -737.167701853613 -740.7743810255056 -742.5534172475652 -737.2382699293197 -737.3366606832542 NaN
33.1839375 -717.856722012362 NaN NaN -737.3150780503952 -735.0234711333669 -737.2204831992282 NaN NaN -737.0672281347261 -739.1441826294542 NaN -731.8120405914212 NaN NaN NaN -736.8431968231213 -737.3400036019 -739.1220644675396 NaN NaN NaN NaN -736.2056053996062 -739.8292776947327 -741.6013201281183 -736.2772865762614 -736.3217724738001 NaN
33.43725 -716.7830158081166 NaN NaN -736.3144074508825 -734.1255198486052 -736.279945256524 NaN NaN -736.0636040153909 -738.1778113998744 NaN -730.8143662614823 NaN NaN NaN -735.830641775863 -736.4318223867732 -738.1665226846046 NaN NaN NaN NaN -735.2442406068017 -738.8848596591986 -740.6498797064452 -735.317013579362 -735.3077156387387 NaN
33.6905625 -715.7106568009962 NaN NaN -735.3144737867609 -733.2282346269963 -735.3401458026412 NaN NaN -735.0607336959499 -737.2121308280208 NaN -729.817472310852 NaN NaN NaN -734.818965582635 -735.5242582909758 -737.2116224185015 NaN NaN NaN NaN -734.2835867391402 -737.9411286911693 -739.6990982861297 -734.3574355044019 -734.2944947344424 NaN
33.943875 -714.6396282190852 NaN NaN -734.31528577944 -732.3316156276954 -734.4011016483677 NaN NaN -734.0586278080965 -736.2471208967343 NaN -728.8213642311807 NaN NaN NaN -733.808137492776 -734.6173022178887 -736.2574027659124 NaN NaN NaN NaN -733.3236470251442 -736.9980912635617 -738.748983671034 -733.3985341320595 -733.2822167364333 NaN
34.1971875 -713.5699135314082 NaN NaN -733.3168401355504 -731.4356559679557 -733.4627826183973 NaN NaN -733.0572876932176 -735.2827845841077 NaN -727.8259713368682 NaN NaN NaN -732.7981500811866 -733.7109474196776 -735.3038704094756 NaN NaN NaN NaN -732.3644309725273 -736.0557530224486 -737.7995370924677 -732.4402907904774 -732.2708494336995 NaN
34.4505 -712.5014975212997 NaN NaN -732.3191463055151 -730.5403480630894 -732.5251624462901 NaN NaN -732.0567057151449 -734.3191445888541 NaN -726.8312777812312 NaN NaN NaN -731.7890071000629 -732.8051996098093 -734.3510220015904 NaN NaN NaN NaN -731.4059495547142 -735.1141161435327 -736.8507188170944 -731.4827015292437 -731.2603441931841 NaN
34.7038125 -711.4343790806873 NaN NaN -731.3222300625881 -729.6456842119418 -731.5882436711262 NaN NaN -731.0568752710329 -733.3561725745816 NaN -725.8373566331552 NaN NaN NaN -730.7807051633657 -731.9000555804183 -733.3988526756749 NaN NaN NaN NaN -730.4481959135436 -734.173178114784 -735.9025037161151 -730.5257897932672 -730.2506863171801 NaN
34.957125 -710.3686141051685 NaN NaN -730.3260792844826 -728.7516609286293 -730.6520310530908 NaN NaN -730.0577914845101 -732.3938521772722 NaN -724.8442277581063 NaN NaN NaN -729.7732387828396 -730.9955101900302 -732.4473518517445 NaN NaN NaN NaN -729.4911606033143 -733.2329138311067 -734.954929420021 -729.5695808501199 -729.2419911334215 NaN
35.2104375 -709.3042038162899 NaN NaN -729.3306694733091 -727.8582925276369 -729.7165320029944 NaN NaN -729.0594549854638 -731.4322316418052 NaN -723.8518397996502 NaN NaN NaN -728.7665980416805 -730.0915588398468 -731.4965188274215 NaN NaN NaN NaN -728.5348363508328 -732.2933137366142 -734.0079962867563 -728.6140555561333 -728.2342833422423 NaN
35.46375 -708.2411409075196 NaN NaN -728.335977179322 -726.9655771671393 -728.7817539151603 NaN NaN -728.061864156811 -730.4713205861052 NaN -722.8601412173351 NaN NaN NaN -727.7607813369449 -729.1882008059285 -730.5463545007171 NaN NaN NaN NaN -727.5792305454557 -731.3543944945461 -733.0616937906506 -727.6591908819249 -727.2274149637859 NaN
35.7170625 -707.1794316965944 NaN NaN -727.3420060206789 -726.0735107371582 -727.8476781542579 NaN NaN -727.0650150251189 -729.5110812217237 NaN -721.8691172443577 NaN NaN NaN -726.7557995573873 -728.2854340835588 -729.5968568837013 NaN NaN NaN NaN -726.6243452768455 -730.4161455192816 -732.1160130349004 -726.7049747248566 -726.2213743148324 NaN
35.970375 -706.1191484330038 NaN NaN -726.3487658254154 -725.1820808499982 -726.9142845666761 NaN NaN -726.0689036169858 -728.5514757162942 NaN -720.8787854448149 NaN NaN NaN -725.7516512317068 -727.3832556619918 -728.6480057144256 NaN NaN NaN NaN -725.6701644652358 -729.4785549443725 -731.1709566419531 -725.7514371849574 -725.216165383247 NaN
36.2236875 -705.060304607417 NaN NaN -725.3562771298671 -724.2912741989352 -725.9815696452221 NaN NaN -725.073526673429 -727.592508200173 NaN -719.8891682132052 NaN NaN NaN -724.7483223895674 -726.4816662488251 -727.6997912156689 NaN NaN NaN NaN -724.7166747868431 -728.5416305187327 -730.2265277910598 -724.7985849570681 -724.2118269522466 NaN
36.477 -704.0027658078119 NaN NaN -724.3645269610766 -723.4010780182209 -725.0495390896524 NaN NaN -724.0788815842857 -726.6342197349734 NaN -718.9002770243611 NaN NaN NaN -723.7458059092748 -725.5806671167816 -726.7522488308163 NaN NaN NaN NaN -723.763866895658 -727.6053812890824 -729.2827354815977 -723.8463851714238 -723.2083967716908 NaN
36.7303125 -702.9465286064076 NaN NaN -723.373477821764 -722.5114818820921 -724.1182103339141 NaN NaN -723.0849680111354 -725.6765944644243 NaN -717.9120943229861 NaN NaN NaN -722.7440998959887 -724.6802561667379 -725.805376928838 NaN NaN NaN NaN -722.8117399019719 -726.669810796176 -728.3395719163791 -722.8948210101345 -722.2058276690449 NaN
36.983624999999996 -701.8916057185594 NaN NaN -722.3831238544548 -721.6224823757703 -723.1876008302055 NaN NaN -722.0917882402075 -724.7196129872925 NaN -716.9246156130183 NaN NaN NaN -721.7432024268036 -723.7804172858403 -724.859165227007 NaN NaN NaN NaN -721.8602936934806 -725.7349031047859 -727.3970245230045 -721.9438945296662 -721.204066269925 NaN
37.236937499999996 -700.8379921463303 NaN NaN -721.3934731670169 -720.7341059176076 -722.2577036960495 NaN NaN -721.0993355262358 -723.7633091055521 NaN -715.9378534113391 NaN NaN NaN -720.7431039574548 -722.8811537563923 -723.9135989647089 NaN NaN NaN NaN -720.9095284987435 -724.8006474456306 -726.4550965924399 -720.9936021683269 -720.203082595765 NaN
37.490249999999996 -699.7856813276986 NaN NaN -720.4045345231665 -719.8463645061615 -721.3284894619578 NaN NaN -720.1075998416668 -722.8076867390614 NaN -714.9518202727689 NaN NaN NaN -719.7437897717782 -721.9824753096327 -722.9686477156584 NaN NaN NaN NaN -719.9594471846326 -723.8670407754803 -725.5137938678229 -720.0439407382456 -719.2029261348563 NaN
37.743562499999996 -698.7346808272598 NaN NaN -719.4163363285683 -718.9592452168292 -720.3999353371563 NaN NaN -719.1165773195559 -721.8527191929801 NaN -713.9665133337003 NaN NaN NaN -718.7452470614726 -721.0843736681342 -722.0243255382543 NaN NaN NaN NaN -719.0100475529026 -722.9340945069254 -724.5731177648689 -719.0949218651099 -718.203595241293 NaN
37.996874999999996 -697.685053303832 NaN NaN -718.4289090262703 -718.0727269169538 -719.472041691642 NaN NaN -718.1262645545975 -720.8983797721028 NaN -712.9819142269072 NaN NaN NaN -717.7474786534201 -720.1868375009719 -721.0806601393017 NaN NaN NaN NaN -718.06130298902 -722.0018207886242 -723.6330452041626 -718.1465563389029 -717.2050302724654 NaN
38.250187499999996 -696.6368177841807 NaN NaN -717.4422103886399 -717.1867635195782 -718.5448332110635 NaN NaN -717.1366587271134 -719.9446666517312 NaN -711.9980110903484 NaN NaN NaN -716.7505005612991 -719.2898560959156 -720.137641968242 NaN NaN NaN NaN -717.113227292736 -721.0702026886665 -722.6935590375894 -717.1988323697705 -716.2072670763064 NaN
38.503499999999995 -695.5898814944137 NaN NaN -716.4561863869436 -716.3013874437753 -717.6183183154296 NaN NaN -716.147757018331 -718.9915960955205 NaN -711.0147920838862 NaN NaN NaN -715.7543136326581 -718.3934294264483 -719.1952554407255 NaN NaN NaN NaN -716.1658427060747 -720.1392207610977 -721.754661043575 -716.251736767115 -715.2103494147555 NaN
38.756812499999995 -694.544207999739 NaN NaN -715.4708542872047 -715.416641373327 -716.6924823759138 NaN NaN -715.1595648295498 -718.0391689237613 NaN -710.0322630469094 NaN NaN NaN -714.7589082734319 -717.4975662638985 -718.2534878616498 NaN NaN NaN NaN -715.2191630978076 -719.2088634138763 -720.8163639374113 -715.3052603515591 -714.2142979556517 NaN
39.010124999999995 -693.4998489898691 NaN NaN -714.4862404877447 -714.5325113644241 -715.7673187510788 NaN NaN -714.1720855094709 -717.0873854297084 NaN -709.0504439985588 NaN NaN NaN -713.7642751360899 -716.6022788274876 -717.3123526141136 NaN NaN NaN NaN -714.2731385153202 -718.2791459995401 -719.8786804752697 -714.3594080782741 -713.2190545606725 NaN
39.2634375 -692.4568164200148 NaN NaN -713.5023323851748 -713.6489768521013 -714.842828690136 NaN NaN -713.1853126550877 -716.1362453560532 NaN -708.0693001138228 NaN NaN NaN -712.7704266761482 -715.7075624221204 -716.3718583622433 NaN NaN NaN NaN -713.3277636770036 -717.3500652766754 -718.9416193171078 -713.4141819090347 -712.2245871497265 NaN
39.51675 -691.415114712543 NaN NaN -712.5191237507404 -712.7660298153825 -713.9190133905942 NaN NaN -712.1992393352414 -715.1857484442576 NaN -707.0888109050564 NaN NaN NaN -711.7773654529555 -714.8134093175216 -715.4319881462344 NaN NaN NaN NaN -712.383050226141 -716.4216156949379 -718.0051678075899 -712.4695832728042 -711.2308914952359 NaN
39.7700625 -690.3746596892521 NaN NaN -711.5366176780483 -711.8836950946649 -712.9958584010373 NaN NaN -711.2138580340198 -714.2358896999253 NaN -706.1089993796311 NaN NaN NaN -710.7863381527776 -713.9198127531641 -714.4927277560512 NaN NaN NaN NaN -711.4389963864801 -715.493796702329 -717.0693199539515 -711.5256090702765 -710.2379759119109 NaN
40.023375 -689.3353605830245 NaN NaN -710.5548183664075 -711.0019474200792 -712.0733382798543 NaN NaN -710.2291612300561 -713.286659811725 NaN -705.1298883643011 NaN NaN NaN -709.7956860683923 -713.0267753679781 -713.554078352248 NaN NaN NaN NaN -710.4955976362462 -714.5666229623885 -716.1340797507042 -710.582255585811 -709.2458487719323 NaN
40.2766875 -688.297197015422 NaN NaN -709.5737458663466 -710.1207528415825 -711.1514336125763 NaN NaN -709.2451374407162 -712.3380578811602 NaN -704.1514357224083 NaN NaN NaN -708.8033925764835 -712.1342980926936 -712.616044678392 NaN NaN NaN NaN -709.5528499753792 -713.6400936260235 -715.1994379239019 -709.6395155437348 -708.254505637311 NaN
40.53 -687.2604495986307 NaN NaN -708.5933831912696 -709.2401224966522 -710.2301567859599 NaN NaN -708.261797100423 -711.3900884940565 NaN -703.1736188025753 NaN NaN NaN -707.8121452821389 -711.2423697584768 -711.6786305627942 NaN NaN NaN NaN -708.6107543433276 -712.7141859112932 -714.2653831621184 -708.6973814744584 -707.2639223939 NaN
40.7833125 -686.2252299781337 NaN NaN -707.6136789517437 -708.3600728306556 -709.3095364901773 NaN NaN -707.2791813730228 -710.442738059504 NaN -702.1964707905627 NaN NaN NaN -706.8227552790158 -710.3509791661553 -710.7418401629784 NaN NaN NaN NaN -707.6693102317234 -711.7889031541922 -713.3319067556404 -707.7558501960413 -706.2741153307335 NaN
41.036625 -685.1913308230801 NaN NaN -706.6346384699233 -707.4806099957921 -708.389601079229 NaN NaN -706.2972979234127 -709.495992885526 NaN -701.2200247238619 NaN NaN NaN -705.8340899703151 -709.46011835018 -709.8056743727379 NaN NaN NaN NaN -706.7285042017759 -710.8642503952881 -712.3990113557998 -706.8149288538889 -705.2850969312475 NaN
41.2899375 -684.1587148477121 NaN NaN -705.6562907918208 -706.6017088043047 -707.4703347841934 NaN NaN -705.3161144199587 -708.5498542184952 NaN -700.2442728914681 NaN NaN NaN -704.8461724955968 -708.5697989023513 -708.8701218970966 NaN NaN NaN NaN -705.7883232783838 -709.9402246781549 -711.466698726325 -705.8746166136913 -704.296843249326 NaN
41.54325 -683.1273658784523 NaN NaN -704.6786634310954 -705.7233790339129 -706.5516959390185 NaN NaN -704.3355984908991 -707.6043260972694 NaN -699.2691787286404 NaN NaN NaN -703.8590255742816 -707.6800420146549 -707.9351699290243 NaN NaN NaN NaN -704.8487625095212 -709.0168023702628 -710.5349699820641 -704.9349120686821 -703.3093286623559 NaN
41.7965625 -682.0972945135645 NaN NaN -703.7017197580841 -704.8456345277223 -705.633677648392 NaN NaN -703.3557532832182 -706.6594158573292 NaN -698.2947130657279 NaN NaN NaN -702.8726180698693 -706.7908394955818 -707.0008068120526 NaN NaN NaN NaN -703.9098322468504 -708.0939750098852 -709.6038065427653 -703.9958049556897 -702.3225516162069 NaN
42.049875 -681.0685132521724 NaN NaN -702.7254072109325 -703.9684741725345 -704.716288111411 NaN NaN -702.3765955001398 -705.7151308271042 NaN -697.3208840095652 NaN NaN NaN -701.8869171377878 -705.9021764348971 -706.0670321149673 NaN NaN NaN NaN -702.971549048259 -707.1717575081137 -708.673190337645 -703.057280773482 -701.3365462423744 NaN
42.3031875 -680.0410377569931 NaN NaN -701.7497969471924 -703.0918682675734 -703.7995288071044 NaN NaN -701.3981027324587 -704.7714650563025 NaN -696.3477287291845 NaN NaN NaN -700.9019200497852 -705.0140390748927 -705.1338458769794 NaN NaN NaN NaN -702.0339108040671 -706.2501548190226 -707.7431360319458 -702.1193582855143 -700.3512970740292 NaN
42.5565 -679.0148563882934 NaN NaN -700.7749050811344 -702.2158205778777 -702.883397399117 NaN NaN -700.4202696142918 -703.8284010073769 NaN -695.3752843616245 NaN NaN NaN -699.9176242414387 -704.1264274060898 -704.2012597081476 NaN NaN NaN NaN -701.0969110185811 -705.3291690754068 -706.813660364852 -701.1820526579644 -699.3667864883041 NaN
42.8098125 -677.9899006740459 NaN NaN -699.8006963054706 -701.3403368776385 -701.9678867917355 NaN NaN -699.4431089242498 -702.8859277432958 NaN -694.4035257516377 NaN NaN NaN -698.9340397457158 -703.2393412341468 -703.2692837420233 NaN NaN NaN NaN -700.1605427007132 -704.408794747518 -705.8847719302572 -700.2453446609915 -698.3830030037528 NaN
43.063125 -676.9661120532096 NaN NaN -698.8271368090808 -700.4654161003664 -701.0529898829499 NaN NaN -698.466633438234 -701.9440449301396 NaN -693.4323736605372 NaN NaN NaN -697.9511823763763 -702.3527806765327 -702.3379115377797 NaN NaN NaN NaN -699.2247920187185 -703.4890259919457 -704.956451674453 -699.3092133475021 -697.3999490690079 NaN
43.3164375 -675.9435309669943 NaN NaN -697.8542467972934 -699.5910418755967 -700.1387015627839 NaN NaN -697.4908392555418 -701.002756507787 NaN -692.461828377385 NaN NaN NaN -696.969051295216 -701.4667444029695 -701.4071282977405 NaN NaN NaN NaN -698.2896469607787 -702.5698566071918 -704.0286847836699 -698.37364964795 -696.4176136966938 NaN
43.56975 -674.922203215816 NaN NaN -696.882048443139 -698.7172071770456 -699.225029033379 NaN NaN -696.5157162867295 -700.0620666066881 NaN -691.4919397913491 NaN NaN NaN -695.98763804634 -700.5812207101361 -700.4769148827123 NaN NaN NaN NaN -697.3551194198046 -701.6512803786876 -703.1014600568914 -697.4386785912394 -695.4359778604747 NaN
43.8230625 -673.9021549001314 NaN NaN -695.9105561990847 -697.8439191084708 -698.3119941827092 NaN NaN -695.5412713921819 -699.121979551407 NaN -690.5227183983606 NaN NaN NaN -695.0069381041365 -699.6962164210317 -699.5472713800458 NaN NaN NaN NaN -696.4212192063895 -700.7332942592071 -702.1747940013453 -696.504304356475 -694.4550417908395 NaN
44.076375 -672.8833677430323 NaN NaN -694.939758502187 -696.9711756526586 -697.3995978029579 NaN NaN -694.5675014848962 -698.1824996626732 NaN -689.5541637373037 NaN NaN NaN -694.0269387310191 -698.811743368256 -698.6182006128612 NaN NaN NaN NaN -695.4879302546602 -699.8159024700078 -701.2487050131595 -695.570510760547 -693.4748063676375 NaN
44.3296875 -671.8658653120827 NaN NaN -693.9696320198874 -696.0989747445334 -696.4878149983778 NaN NaN -693.5943930185804 -697.2436215291334 NaN -688.5862633862453 NaN NaN NaN -693.047612227377 -697.9278105748672 -697.6897143016647 NaN NaN NaN NaN -694.5552469565081 -698.8991116129304 -700.32320106339 -694.6372939932808 -692.4952966954703 NaN
44.583 -670.8496713538555 NaN NaN -693.0001549399097 -695.2273195503976 -695.5766208477365 NaN NaN -692.6219324458239 -696.3053310158318 NaN -687.6190005838846 NaN NaN NaN -692.0689596659653 -697.0443962970392 -696.7618359601552 NaN NaN NaN NaN -693.6231692037496 -697.9829263458937 -699.3982557571875 -693.7046512872232 -691.5165437917213 NaN
44.8363125 -669.8347934703974 NaN NaN -692.0313682864522 -694.3562134375625 -694.6660255484244 NaN NaN -691.6501193627857 -695.3676208216021 NaN -686.6523757192147 NaN NaN NaN -691.0910029903285 -696.1614828532976 -695.8345516733609 NaN NaN NaN -692.5229879008991 -692.6916982108813 -697.0673309562874 -698.4738576437873 -692.7725828765165 -690.5385174339434 NaN
45.089625 -668.8212385292121 NaN NaN -691.0632804712319 -693.4856518427719 -693.7560488563171 NaN NaN -690.6789646568743 -694.430493543136 NaN -685.686389185555 NaN NaN NaN -690.1137633238594 -695.279094851048 -694.9078378708809 NaN NaN NaN -691.5895544520588 -691.7608365648382 -696.1523089905232 -697.5500136141771 -691.8410891440266 -689.5611892076116 NaN
45.3429375 -667.8089696513443 NaN NaN -690.0958649728283 -692.615618196004 -692.8466821574212 NaN NaN -689.7084737047159 -693.4939542991642 NaN NaN NaN NaN NaN -689.1371776493376 -694.3972332033068 -693.9816745747095 NaN NaN NaN -690.6566962773184 -690.8305830364868 -695.2378598703351 -696.6267165738051 -690.9101714347681 -688.5845447766806 NaN
45.59625 -666.7978577469463 NaN NaN -689.1290959138154 -691.7461055836286 -691.9379196437468 NaN NaN -688.7386480075526 -692.558008208417 NaN NaN NaN NaN NaN -688.1612293433902 -693.5158875364389 -693.0560892066095 NaN NaN NaN -689.7244044406888 -689.900935674849 -694.324003047007 -695.7039489148829 -689.9798286062434 -687.6085703204808 NaN
45.8495625 NaN NaN NaN -688.1629876650384 -690.8771096035961 -691.0297582658839 NaN NaN -687.7694845862175 -691.6226457865203 NaN NaN NaN NaN NaN -687.185994815002 -692.6350473517174 -692.1310851392159 NaN NaN NaN -688.7926778221578 -688.9718919101758 -693.4107288214112 -694.7817283086921 -689.0500535125643 -686.6332900458756 NaN
46.102875 NaN NaN NaN -687.1975555244932 -690.0086413264933 -690.1221949743485 NaN NaN -686.8009804589075 -690.6878425460285 NaN NaN NaN NaN NaN -686.211487975662 -691.7547051745532 -691.2066522091905 NaN NaN NaN -687.8615149422629 -688.0434507604036 -692.4980265373683 -693.8600739391671 -688.120838810914 -685.6587531616112 NaN
46.3561875 NaN NaN NaN -686.232788624983 -689.1407126564925 -689.2152233049853 NaN NaN -685.8331391827443 -689.7536116529498 NaN NaN NaN NaN NaN -685.2376716027908 -690.8748634891135 -690.2827812478117 NaN NaN NaN -686.9309215628524 -687.1156046858782 -691.5858952793319 -692.9389767383883 -687.1921798782337 -684.684920982705 NaN
46.6095 NaN NaN NaN -685.2686975171333 -688.2733254163812 -688.3088334456818 NaN NaN -684.8659647118285 -688.819974847398 NaN NaN NaN NaN NaN -684.2645086443653 -689.9955261917108 -689.359476915052 NaN NaN NaN -686.0009057100943 -686.1883444131292 -690.6743519985563 -692.0184253923001 -686.2640785719178 -683.7117523348154 NaN
46.8628125 NaN NaN NaN -684.3053045150092 -687.4064584098498 -687.4030309339929 NaN NaN -683.8994544933237 -687.8869228666266 NaN NaN NaN NaN NaN -683.2919964399481 -689.1166966366437 -688.4367419996652 NaN NaN NaN -685.0714735538439 -685.2616613450372 -689.7633897284776 -691.0984118613355 -685.3365363609604 -682.73921957952 NaN
47.116125 NaN NaN NaN NaN -686.5401115591849 -686.4978234950296 NaN NaN -682.9336059723073 -686.9544464241268 NaN NaN NaN NaN NaN -682.3201538569202 -688.2383714999397 -687.5145570689899 NaN NaN NaN -684.142598621215 -684.335557654213 -688.8529836876697 -690.1789383117543 -684.4095587798977 -681.7673382478722 NaN
47.3694375 NaN NaN NaN NaN -685.6742862801846 -685.5932041150028 NaN NaN -681.9684120729451 -686.022536544121 NaN NaN NaN NaN NaN -681.348980529889 -687.3605465514421 -686.5929259939298 NaN NaN NaN -683.2142746627801 -683.4100374544631 -687.9431470973393 -689.2600008587525 -683.483139139618 -680.7961234197488 NaN
47.622749999999996 NaN NaN NaN NaN -684.8089828241502 -684.689167127197 NaN NaN -681.0038616634841 -685.091184546014 NaN NaN NaN NaN NaN -680.3784723720363 -686.4832095586614 -685.6718680806938 NaN NaN NaN -682.2865080175425 -682.4851067975663 -687.0338945220851 -688.341588335901 -682.5572584724782 -679.8255887060676 NaN
47.876062499999996 NaN NaN NaN NaN -683.9441955092592 -683.7857084442908 NaN NaN -680.0399504571797 -684.1603931059395 NaN NaN NaN NaN NaN -679.4086169682303 -685.6063632532635 -684.7513714021583 NaN NaN NaN -681.3593043290848 -681.5607600152016 -686.1252060141453 -687.423699347497 -681.6319221521702 -678.8557415527406 NaN
48.129374999999996 NaN NaN NaN NaN -683.079912637295 -682.8828239807361 NaN NaN -679.0766794776238 -683.2301667358702 NaN NaN NaN NaN NaN -678.4394080678102 -684.7300153844368 -683.8314081879051 NaN NaN NaN -680.4326567052575 -680.636987982333 -685.2170474856217 -686.506342676558 -680.7071343623114 -677.8865891192922 NaN
48.382687499999996 NaN NaN NaN NaN -682.2161265795678 -681.9805118875435 NaN NaN -678.1140572959181 -682.3004976384623 NaN NaN NaN NaN NaN -677.4708496619222 -683.8541726329331 -682.9119798049961 NaN NaN NaN -679.5065565764296 -679.7137829332052 -684.3094422565439 -685.589513973849 -679.7828912787064 -676.9181222332746 NaN
48.635999999999996 NaN NaN NaN NaN -681.3528532337967 -681.0787723556773 NaN NaN -677.1521020276581 -681.3713780091197 NaN NaN NaN NaN NaN -676.5029414737198 -682.978823137638 -681.9930949835078 NaN NaN NaN -678.5809925516476 -678.7911558580565 -683.4024084357042 -684.6732087633993 -678.8591896499285 -675.9503088690547 NaN
48.889312499999996 NaN NaN NaN NaN -680.4901095701327 -680.1776130353975 NaN NaN -676.1907728097549 -680.4428117305143 NaN NaN NaN NaN NaN -675.5356792102882 -682.1039541546786 -681.0747628669379 NaN NaN NaN -677.6559692622453 -677.8691044549288 -682.4959491076662 -683.7574231981675 -677.9360279014404 -674.98313687683 NaN
49.142624999999995 NaN NaN NaN NaN -679.6279024989226 -679.2770487938857 NaN NaN -675.2300425553589 -679.5148085819798 NaN NaN NaN NaN NaN -674.569058544328 -681.2295690695964 -680.1569922454212 NaN NaN NaN -676.7314991702104 -676.9476168126982 -681.5900670619001 -682.842154679721 -677.0134057721 -674.0166012607734 NaN
49.395937499999995 NaN NaN NaN NaN -678.7662163232617 -678.3770522186148 NaN NaN -674.269957035249 -678.5873774118605 NaN NaN NaN NaN NaN -673.603070432232 -680.3556728413411 -679.2397767814572 NaN NaN NaN -675.8075862573199 -676.0266900178082 -680.6847461487533 -681.9274074059997 -676.0913271386659 -673.0507119898854 NaN
49.649249999999995 NaN NaN NaN NaN -677.9050370545668 -677.4776038438042 NaN NaN -673.310562082054 -677.6605113044848 NaN NaN NaN NaN NaN -672.6377147351978 -679.4822685914107 -678.3231067738483 NaN NaN NaN -674.8842317747524 -675.1063243574238 -679.7799568624079 -681.0131858548328 -675.1697959817975 -672.085478453092 NaN
49.902562499999995 NaN NaN NaN NaN -677.0443384165085 -676.578727284956 NaN NaN -672.3518552175522 -676.7341866383233 NaN NaN NaN NaN NaN -671.6730022699336 -678.6093493715543 -677.4069737156011 NaN NaN NaN -673.961435839976 -674.1865197549066 -678.8757020207591 -680.0994938689888 -674.2488055489703 -671.1209081650729 NaN
50.155874999999995 NaN NaN NaN NaN -676.1841159849415 -675.6804457936764 NaN NaN -671.3938036798611 -675.808379815739 NaN NaN NaN NaN NaN -670.7089346990248 -677.7369018834773 -676.4913694658662 NaN NaN NaN -673.0391753903224 -673.267272669765 -677.9719861527354 -679.1863337714078 -673.3283410842724 -670.1570086084793 NaN
50.4091875 NaN NaN NaN NaN -675.3243910528488 -674.7827429573769 NaN NaN -670.4364083601207 -674.8831001160329 NaN NaN NaN NaN NaN -669.7455042021605 -676.8649258773501 -675.5762872464604 NaN NaN NaN -672.1174261327507 -672.3485889074049 -677.0688170605563 -678.2737011397514 -672.4084075051346 -669.1937699892228 NaN
50.6625 NaN NaN NaN NaN -674.4651580478004 -673.8855801643058 NaN NaN -669.4796657275255 -673.9583715913371 NaN NaN NaN NaN NaN -668.7827029666867 -675.9934271244597 -674.6617429869532 NaN NaN NaN -671.1962157221042 -671.4304771973132 -676.1662026197705 -677.3615731017052 -671.4890101415169 -668.231157780715 NaN
50.9158125 NaN NaN NaN NaN -673.6064110127691 -672.9889493111273 NaN NaN -668.5235670194733 -673.0342002261219 NaN NaN NaN NaN NaN -667.8205255391338 -675.1224053705896 -673.747742033638 NaN NaN NaN -670.275550712909 -670.5129429728399 -675.2641414657203 -676.4499426015755 -670.5701477270042 -667.269159066606 NaN
51.169125 NaN NaN NaN NaN -672.7481476538169 -672.0928623397873 NaN NaN -667.5681034681476 -672.1105869268492 NaN NaN NaN NaN NaN -666.8589679796119 -674.2518569801513 -672.8342848559881 NaN NaN NaN -669.355417533828 -669.5959490191035 -674.3626155359145 -675.5388226536265 -669.6518112055275 -666.3077900429957 NaN
51.4224375 NaN NaN NaN NaN -671.8903658852325 -671.1973224847079 NaN NaN -666.6132668300253 -671.187528201904 NaN NaN NaN NaN NaN -665.8980240729564 -673.3817827231258 -671.9213641183935 NaN NaN NaN -668.435803867943 -668.6794931967668 -673.4616227539113 -674.6282118463951 -668.733998968523 -665.3470653418069 NaN
51.67575 NaN NaN NaN NaN -671.0330561340154 -670.3023329802012 NaN NaN -665.659069112708 -670.2650172883108 NaN NaN NaN NaN NaN -664.937695533225 -672.5121849272164 -671.0089698637341 NaN NaN NaN -667.5167257860408 -667.7635892629376 -672.5611764348806 -673.7181022477376 -667.8167095166555 -664.386999445667 NaN
51.9290625 NaN NaN NaN NaN -670.1762114427409 -669.4078983250314 NaN NaN -664.7055317382689 -669.3430442028289 NaN NaN NaN NaN NaN -663.9779938872803 -671.6430655967251 -670.0970918940733 NaN NaN NaN -666.598200643116 -666.8482497809098 -671.6612601007469 -672.8085069972661 -666.8999411758805 -663.4275812335097 NaN
52.182375 NaN NaN NaN NaN -669.3198528493642 -668.5140199388674 NaN NaN -663.752676123943 -668.4215989666781 NaN NaN NaN NaN NaN -663.0189168629864 -670.7744192145158 -669.1857196052231 NaN NaN NaN -665.6801867853034 -665.9334668989643 -670.7618525874811 -671.8994338046016 -665.9836919977282 -662.4687633433939 NaN
52.4356875 NaN NaN NaN NaN -668.4639952753508 -667.620696628933 NaN NaN -662.8005085641676 -667.5006773836927 NaN NaN NaN NaN NaN -662.0604511038897 -669.9062394172066 -668.2748568100545 NaN NaN NaN -664.762675641356 -665.0192312147174 -669.8629787140137 -670.9908694882859 -665.0679597859972 -661.5105379059202 NaN
52.689 NaN NaN NaN NaN -667.6086409635354 -666.7279271568333 NaN NaN -661.8490349523809 -666.580280207144 NaN NaN NaN NaN NaN -661.1025832572672 -669.0385283010013 -667.3645110806535 NaN NaN NaN -663.8456793200072 -664.1055435222886 -668.9646539297714 -670.0828002973973 -664.1527427713672 -660.5529294778662 NaN
52.9423125 NaN NaN NaN NaN -666.7537883965902 -665.8356992732091 NaN NaN -660.8982745557405 -665.6604120776784 NaN NaN NaN NaN NaN -660.1453098244979 -668.1712831200524 -666.4546898562118 NaN NaN NaN -662.9292075133479 -663.1923962982544 -668.0668716636645 -669.1752222198033 -663.2380395209758 -659.5959480865164 NaN
53.195625 NaN NaN NaN NaN -665.899424619888 -664.9439931972731 NaN NaN NaN -664.7410784102245 NaN NaN NaN NaN NaN -659.1886353742342 -667.304493538846 -665.5453963568714 NaN NaN NaN -662.0132689615446 -662.2797717515508 -667.1696250346017 -668.2681468720697 -662.3238498362371 -658.6395935343886 NaN
53.4489375 NaN NaN NaN NaN -665.0455363873563 -664.0528131482606 NaN NaN NaN -663.8222774558401 NaN NaN NaN NaN NaN -658.2325596248063 -666.4381628869103 -664.6366321660876 NaN NaN NaN -661.0978707261803 -661.3676712983654 -666.2729053942495 -667.3615710022412 -661.4101763404974 -657.6838376385019 NaN
53.70225 NaN NaN NaN NaN -664.1921223773747 -663.1621713925712 NaN NaN NaN -662.9040074555966 NaN NaN NaN NaN NaN -657.2770823109612 -665.5722993538828 -663.7283773811122 NaN NaN NaN -660.1829901786284 -660.4561028577066 -665.3767016586603 -666.4554860397319 -660.4970216976161 -656.7286651678887 NaN
53.9555625 NaN NaN NaN NaN -663.3391879387912 -662.2720597911804 -658.8840782896964 NaN NaN -661.9862606534869 NaN NaN NaN NaN NaN -656.3222070404372 -664.7069103235318 -662.8206262439406 NaN NaN NaN -659.2686027767336 -659.545073940983 -664.481010355793 -665.549898829385 -659.5843725130948 -655.7740867289511 NaN
54.208875 NaN NaN NaN NaN -662.4867156634094 -661.3824701843557 -657.9732653916525 NaN NaN -661.0690241132727 NaN NaN NaN NaN NaN -655.3679400132679 -663.8419828078057 -661.9133855642951 NaN NaN NaN -658.3547177265687 -658.6345796651879 -663.5858351032601 -664.6448127102209 -658.672212834467 -654.820113186222 NaN
54.4621875 NaN NaN NaN NaN -661.6346877128282 -660.4934036466943 -657.0630336470367 NaN NaN -660.1522981742828 NaN NaN NaN NaN NaN -654.4142795885552 -662.9775005115854 -661.0066617716645 NaN NaN NaN -657.441339676211 -657.7246123005848 -662.6911695541758 -663.7402239863084 -657.7605580897728 -653.8667486064977 NaN
54.7155 NaN NaN NaN NaN -660.78304476397 -659.6048691477181 -656.1533461613571 NaN NaN -659.2360945557036 NaN NaN NaN NaN NaN -653.4612191546521 -662.1134595645044 -660.1004492398519 NaN NaN NaN -656.5284605451626 -656.8151710642306 -661.7970121241495 -662.8361288998983 -656.8494150238072 -652.9139866732538 NaN
54.9688125 NaN NaN NaN NaN -659.9318635227978 -658.7168670264138 -655.244166740702 NaN NaN -658.3204181361244 NaN NaN NaN NaN NaN -652.5087557599703 -661.2498580548915 -659.1947395697919 NaN NaN NaN -655.6160850687347 -655.9062600142345 -660.9033741568835 -661.9325226443013 -655.9387718163914 -651.961824721461 NaN
55.222125 NaN NaN NaN NaN -659.0813193766711 -657.8293928957959 -654.3354984633952 NaN NaN -657.4052737824017 NaN NaN NaN NaN NaN -651.5568870592145 -660.3867078284835 -658.2895398767257 NaN NaN NaN -654.7042228396391 -654.9978831025107 -660.010260789542 -661.0293989660294 -655.0286164209401 -651.0102610819138 NaN
55.4754375 NaN NaN NaN NaN -658.231290639974 -656.9424438196955 -653.4273615989334 NaN NaN -656.4906522505287 NaN NaN NaN NaN NaN -650.6056238992395 -659.5240230681826 -657.3848492593703 NaN NaN NaN -653.7928826671846 -654.0900438965251 -659.117661874686 -660.1267442376404 -654.118959655292 -650.0592963569957 NaN
55.72875 NaN NaN NaN NaN -657.3816366807889 -656.0560200302763 -652.5197709359029 NaN NaN -655.5765408999423 NaN NaN NaN NaN NaN -649.654959012245 -658.6617793283862 -656.4806594944262 NaN NaN NaN -652.8820472245744 -653.1827345913334 -658.2255718451848 -659.2245528981133 -653.2098192134961 -649.1089311859694 NaN
55.9820625 NaN NaN NaN NaN -656.5324392332625 -655.1701257258258 -651.6127294958648 NaN NaN -654.6629406998711 NaN NaN NaN NaN NaN -648.7048676494787 -657.7999680562585 -655.5769625734802 NaN NaN NaN -651.9716932721104 -652.2759443869195 -657.3339944168202 -658.3228413129062 -652.3011816872283 -648.1591624302229 NaN
56.235375 NaN NaN NaN NaN -655.6836947753147 -654.2847650471076 -650.7062341971698 NaN NaN -653.7498526224542 NaN NaN NaN NaN NaN -647.7553254554695 -656.938596236945 -654.6737616579882 NaN NaN NaN -651.061827431163 -651.3696529269664 -656.4429333970701 -657.4216204576093 -651.3930335064812 -647.2099897835113 NaN
56.4886875 NaN NaN NaN NaN -654.8353824736236 -653.3999260626338 -649.8002816562574 NaN NaN -652.8372678434096 NaN NaN NaN NaN NaN -646.8063427916535 -656.0776695556484 -653.7710622736672 NaN NaN NaN -650.1524546027717 -650.4638589331977 -655.5523920726199 -656.5208920248213 -650.4853734752043 -646.2614287102542 NaN
56.742 NaN NaN NaN NaN -653.9874952004845 -652.5155859390557 -648.8948582905657 NaN NaN -651.9251815746151 NaN NaN NaN NaN NaN -645.8579478553754 -655.2171954033375 -652.8688663060434 NaN NaN NaN -649.2435670889398 -649.5585715705081 -654.662373220863 -655.6206576498555 -649.578215932104 -645.3134765644154 NaN
56.9953125 NaN NaN NaN NaN -653.1400687048712 -651.6317613479382 -647.9899484152123 NaN NaN -651.0136047816391 NaN NaN NaN NaN NaN -644.9101258548061 -654.3571752810706 -651.9671750526437 NaN -650.0928673880641 NaN -648.3351674018857 -648.6537997470756 -653.7728675550309 -654.7208993919381 -648.6715549912323 -644.3661069427618 NaN
57.248625 NaN NaN NaN NaN -652.2931127604792 -650.7484702055456 -647.0855580015215 NaN NaN -650.1025403731815 NaN NaN NaN NaN NaN -643.9628614245066 -653.4976121519157 -651.0659734673785 NaN -649.2450486029167 NaN -647.4272628674205 -647.749543137729 -652.8838529790925 -653.8215971765126 -647.7653687134854 -643.4192933969732 NaN
57.5019375 NaN NaN NaN NaN -651.4465886376246 -649.8656824818811 -646.1816904259449 NaN NaN -649.1919818672608 NaN NaN NaN NaN NaN -643.0161752505966 -652.6384981269979 -650.1652554451216 NaN -648.3976848164039 NaN -646.5198606303206 -646.8458020541392 -651.995327701564 -652.9227705417827 -646.8596537983354 -642.4730484474501 NaN
57.75525 NaN NaN NaN NaN -650.6005061454424 -648.983390848405 -645.2783408945412 NaN NaN -648.2819227683093 NaN NaN NaN NaN NaN -642.0700692494438 -651.7798197541332 -649.2650225934157 NaN -647.5507994036888 NaN -645.6129601958423 -645.9425839391839 -651.1073009698085 -652.0244278307866 -645.9544219766002 -641.5273862980179 NaN
58.0085625 NaN NaN NaN NaN -649.7548871827397 -648.1016176676054 -644.3755061043379 NaN NaN -647.3723534006609 NaN NaN NaN NaN NaN -641.1245259095483 -650.9215638174963 -648.3652765304862 NaN -646.7043867507977 NaN -644.7065583053623 -645.039886369723 -650.2197758554523 -651.1265572061366 -645.0496789128948 -640.5822866162426 NaN
58.261874999999996 NaN NaN NaN NaN -648.9097251175564 -647.2203679215312 -643.4731835525989 NaN NaN -646.4632730740117 NaN NaN NaN NaN NaN -640.1795389146141 -650.0637319986498 -647.4660192428755 NaN -645.8584146959064 NaN -643.8006427203732 -644.1377016936466 -649.3327511618969 -650.2291466720044 -644.1454302500098 -639.6377290742095 NaN
58.515187499999996 NaN NaN NaN NaN -648.0650080308212 -646.3396273748176 -642.5713709127011 NaN NaN -645.5546895140129 NaN NaN NaN NaN NaN -639.2351132828281 -649.206331953081 -646.5672525754521 NaN -645.0128817428092 NaN -642.8952062118738 -643.2360222996167 -648.4462166627819 -649.3321966730919 -643.2416685634678 -638.6937174791476 NaN
58.768499999999996 NaN NaN NaN NaN -647.2207264192094 -645.4593819062821 -641.67007765156 NaN NaN -644.6466069986337 NaN NaN NaN NaN NaN -638.2912540100164 -648.349367056799 -645.6689604421085 NaN -644.1678034354186 NaN -641.9902449756414 -642.3348443803477 -647.5601619932592 -648.4357204908214 -642.3383735173122 -637.7502779663538 NaN
59.021812499999996 NaN NaN NaN NaN -646.3768998996078 -644.5796284725951 -640.7693016610267 NaN NaN -643.739028032124 NaN NaN NaN NaN NaN -637.3479511942559 -647.4928404841544 -644.7711374219319 NaN -643.323194756196 NaN -641.0857593941499 -641.4341663927966 -646.6745927411378 -647.5397209699124 -641.4355478941875 -636.8074169924073 NaN
59.275124999999996 NaN NaN NaN NaN -645.5335224826786 -643.7003692206782 -639.8690307525554 NaN NaN -642.8319510716333 NaN NaN NaN NaN NaN -636.4051924276233 -646.6367452955448 -643.8737939573538 NaN -642.4790434879694 NaN -640.1817537847055 -640.5339857548246 -645.7895323413842 -646.6441897336995 -640.5332044668672 -635.8651260398095 NaN
59.528437499999995 NaN NaN NaN NaN -644.6905672028716 -642.8215996770044 -638.9691514476045 NaN NaN -641.9253705561965 NaN NaN NaN NaN NaN -635.4629685607974 -645.781083654617 -642.9769334735507 NaN -641.6353342543628 NaN -639.2782335137007 -639.6343006555039 -644.9049566148705 -645.7491177674715 -639.6313402451145 -634.9233984532199 NaN
59.781749999999995 NaN NaN NaN NaN -643.848036780006 -641.9433189618411 -638.0669744090966 NaN NaN -641.0192807815182 NaN NaN NaN NaN NaN -634.5212852649869 -644.9260466324571 -642.0805622003379 NaN -640.792485713304 NaN -638.3754730083215 -638.7351305115895 -644.0208455789908 -644.8544960649855 -638.7299522573111 -633.9822289243405 NaN
60.035062499999995 NaN NaN NaN NaN -643.0059449182594 -641.0655316475257 -637.1662946188657 NaN NaN -640.1136758942775 NaN NaN NaN NaN NaN -633.5801660772713 -644.0713732729781 -641.1846683645336 NaN -639.94995769777 NaN -637.4730881878144 -637.8364487567343 -643.137218037371 -643.9603350574398 -637.8290376004829 -633.041614004171 NaN
60.288374999999995 NaN NaN NaN NaN -642.1643019112202 -640.1882391019835 -636.2702407836887 NaN NaN -639.2085500528832 NaN NaN NaN NaN NaN -632.639634472924 -643.2168069312747 -640.2892382488549 NaN -639.1071783622536 NaN -636.5706959294432 -636.9382341855332 -642.2540821995448 -643.066645119149 -636.9285933739178 -632.1015506146596 NaN
60.541687499999995 NaN NaN NaN NaN -641.3229568065001 -639.3114394319226 -635.3729770203287 NaN NaN -638.3039048995504 NaN NaN NaN NaN NaN -631.699678251477 -642.3627338343942 -639.3942779766114 NaN -638.265010117677 NaN -635.6688843470879 -636.0405353932871 -641.3713388749624 -642.1733378417383 -636.0286189014626 -631.1625143660639 NaN
60.794999999999995 NaN NaN NaN NaN -640.4820640437767 NaN NaN NaN NaN -637.3997479575374 NaN NaN NaN NaN NaN -630.7602592753371 -641.5091998456868 -638.4997930220717 NaN -637.4235476416794 NaN -634.7677371937214 -635.1433360674017 -640.4890836008731 -641.2804834643988 NaN -630.224008488092 NaN
61.048312499999994 NaN NaN NaN NaN -639.6418468224497 NaN NaN NaN NaN -636.4960752842339 NaN NaN NaN NaN NaN -629.8213669863607 -640.6560890167309 -637.6057873368535 NaN -636.5825170243535 NaN -633.8670613983197 -634.2466000155821 -639.6074838189855 -640.3882530806347 NaN -629.2851478027009 NaN
61.301624999999994 NaN NaN NaN NaN -638.8020631183257 NaN NaN NaN NaN -635.5928869791069 NaN NaN NaN NaN NaN -628.8829989943176 -639.8034045856068 -636.7122540874637 NaN -635.74192452858 NaN -632.9668593871462 -633.3503381894303 -638.726366676482 -639.4964593071688 NaN -628.3468908234491 NaN
61.5549375 NaN NaN NaN NaN -637.962587533827 NaN NaN NaN NaN -634.6902038433424 NaN NaN NaN NaN NaN -627.9451666629894 -638.9511448317879 -635.819185276124 NaN -634.9017759413745 NaN -632.0671334016366 -632.4545686188305 -637.8456475139151 -638.6050281511313 NaN -627.4095839671332 NaN
61.80825 NaN NaN NaN NaN -637.1235358780366 NaN NaN NaN NaN -633.7880232520787 NaN NaN NaN NaN NaN -627.0078838022113 -638.0993061200155 -634.9265923300013 NaN -634.0620666010186 NaN -631.1678800256981 -631.5592903997544 -636.9654127682884 -637.7140362523663 NaN -626.4728340374766 NaN
62.0615625 NaN NaN NaN NaN -636.2848992955109 NaN NaN NaN NaN -632.8863179148325 NaN NaN NaN NaN NaN -626.0711568038105 -637.2478848300434 -634.0344750958087 NaN -633.2227899380529 NaN -630.2690925382265 -630.6644982130093 -636.0856612904413 -636.8234944758103 NaN -625.5366062502208 NaN
62.314875 NaN NaN NaN NaN -635.4466773042919 NaN NaN NaN NaN -631.9850605401022 NaN NaN NaN NaN NaN -625.1349820939099 -636.3968776122762 -633.1428256805931 NaN -632.3839400324041 NaN -629.370761752175 -629.7701879523095 -635.2063918975543 -635.9334234374725 NaN -624.600886372193 NaN
62.5681875 NaN NaN NaN NaN -634.6088885603635 NaN NaN NaN NaN -631.0842607797844 NaN NaN NaN NaN NaN -624.1993405132155 -635.5462813440541 -632.2516370261587 NaN -631.5455206216599 NaN -628.4728879520203 -628.8763564904929 -634.32759829222 -635.043809751465 NaN -623.6657013405168 NaN
62.8215 NaN NaN NaN NaN -633.771536084023 NaN NaN NaN NaN -630.1839444872594 NaN NaN NaN NaN NaN -623.2642224761574 -634.6960959776171 -631.3609140015582 NaN -630.7075381345121 NaN -627.575475092946 -627.983001007314 -633.4492710548886 -634.154635615763 NaN -622.7310634352202 NaN
63.0748125 NaN NaN NaN NaN -632.9345970724232 NaN NaN NaN NaN -629.2841100601728 NaN NaN NaN NaN NaN -622.3296281029944 -633.8463209923874 -630.4706596730858 NaN -629.8699971892422 NaN -626.6785266477609 -627.0901192721681 -632.5713898177457 -633.2659210138114 NaN -621.7969730789166 NaN
63.328125 NaN NaN NaN NaN -632.098048557368 NaN NaN NaN NaN -628.3847558927879 NaN NaN NaN NaN NaN -621.3955575182623 -632.9969503520248 -629.5808539143414 NaN -629.0328857782624 NaN -625.7820397265806 -626.1977160664583 -631.6939541884486 -632.3776708679203 NaN -620.8634260454054 NaN
63.5814375 NaN NaN NaN NaN -631.2619042546347 NaN NaN NaN NaN -627.4858761228519 NaN NaN NaN NaN NaN -620.4620150248791 -632.1479870175768 -628.6914953520211 NaN -628.1961945847521 NaN -624.8860103498249 -625.305794736576 -630.8169865816103 -631.4898670869109 NaN -619.9304107028497 NaN
63.83475 NaN NaN NaN NaN -630.4262113468209 NaN NaN NaN NaN -626.587463673946 NaN NaN NaN NaN NaN -619.529008354588 -631.29943812656 -627.8025889806943 NaN -627.359931233033 NaN -623.9904271761845 -624.4143481759262 -629.9405094118764 -630.6024914642484 NaN -618.9979215178486 NaN
64.08806249999999 NaN NaN NaN NaN -629.5909673900628 NaN NaN NaN NaN -625.6895137382562 NaN NaN NaN NaN NaN -618.5965034237408 -630.4513035692557 -626.9141396209855 NaN -626.5240987603379 NaN -623.0952829030277 -623.5233743648336 -629.064509797071 -629.7155416808176 NaN -618.065959961506 NaN
64.341375 NaN NaN NaN NaN -628.7561452476904 NaN NaN NaN NaN -624.7920229814538 NaN NaN NaN NaN NaN -617.6644902037996 -629.6035815179276 -626.026150625233 NaN -625.6886980487158 NaN -622.2005945036759 -622.6328732472948 -628.1889600278465 -628.8290313053378 NaN -617.1345274933956 NaN
64.59468749999999 NaN NaN NaN NaN -627.9217340345241 NaN NaN NaN NaN -623.8949897044902 NaN NaN NaN NaN NaN -616.7330206250724 -628.7562691119513 -625.1386229885155 NaN -624.853727945293 NaN -621.3063597397421 -621.7428418199352 -627.3138637778951 -627.9429716052321 NaN -616.2035967913225 NaN
64.848 NaN NaN NaN NaN -627.0877228656697 NaN NaN NaN NaN -622.9984122067568 NaN NaN NaN NaN NaN -615.8021121957848 -627.9093557937575 -624.2515415988104 NaN -624.0191731167804 NaN -620.4125690394928 -620.8532766297932 -626.4392247298694 -627.0573590330727 NaN -615.2731598386265 NaN
65.10131249999999 NaN NaN NaN NaN -626.254104939386 NaN NaN NaN NaN -622.1022886178449 NaN NaN NaN NaN NaN -614.8717398829799 -627.0628347321148 -623.3649046738849 NaN -623.1850223832105 NaN -619.5192259810395 -619.9641727132506 -625.5650429316319 -626.1721678695774 NaN -614.3432533823334 NaN
65.354625 NaN NaN NaN NaN -625.4208833457097 NaN NaN NaN NaN -621.2066219235573 NaN NaN NaN NaN NaN -613.9418786237504 -626.2167152280415 -622.4787137850526 NaN -622.3512818762217 NaN -618.6263363931697 -619.0755220472589 -624.6913151755599 -625.287392524508 NaN -613.4138937971799 NaN
65.60793749999999 NaN NaN NaN NaN -624.5880590140862 NaN NaN NaN NaN -620.3114198386194 NaN NaN NaN NaN NaN -613.0125189403765 -625.3710002534634 -621.5929721725267 NaN -621.5179569116339 NaN -617.7339060046495 -618.1873284599696 -623.8180402716731 -624.4030517707118 NaN -612.4850777927553 NaN
65.86125 NaN NaN NaN NaN -623.755639059414 NaN NaN NaN NaN -619.4166852491132 NaN NaN NaN NaN NaN -612.0836642553184 -624.5256911626198 -620.7076832932395 NaN -620.6850517361253 NaN -616.8419331199306 -617.2995972706848 -622.9452188163498 -623.5191643794753 NaN -611.556794906264 NaN
66.11456249999999 NaN NaN NaN NaN -622.9236381117669 NaN NaN NaN NaN -618.5224155468687 NaN NaN NaN NaN NaN -611.1553226375693 -623.6807870181541 -619.8228454984177 NaN -619.8525679132127 NaN -615.9504070880974 -616.4123337854337 -622.0728519148787 -622.6357202168851 NaN -610.6290270696369 NaN
66.367875 NaN NaN NaN NaN -622.0920706415916 NaN NaN NaN NaN -617.6286081197079 NaN NaN NaN NaN NaN -610.2275111773789 -622.8362762760978 -618.9384423574684 NaN -619.0205066662438 NaN -615.0593168254139 -615.5255432584115 -621.2009406626737 -621.7526990442467 NaN -609.7017562158239 NaN
66.62118749999999 NaN NaN NaN NaN -621.260922588636 NaN NaN NaN NaN -616.7352446752483 NaN NaN NaN NaN NaN -609.3002054698057 -621.992156155615 -618.0544740419292 NaN -618.1888597456605 NaN -614.1686561145582 -614.6392272941615 -620.3294816011395 -620.870094285285 NaN -608.7749793043757 NaN
66.8745 NaN NaN NaN NaN -620.4301621040396 NaN NaN NaN NaN -615.8423208139728 NaN NaN NaN NaN NaN -608.3733896870311 -621.1484428682836 -617.1709425498166 NaN -617.3576180954124 NaN -613.2784354449369 -613.7533719388423 -619.4584677985179 -619.9879087175101 NaN -607.8487075107739 NaN
67.1278125 NaN NaN NaN NaN -619.5997788122586 NaN NaN NaN NaN -614.949865345501 NaN NaN NaN NaN NaN -607.4470857090115 -620.3051292920309 -616.2878561347421 NaN -616.5267704860272 NaN -612.3886566110147 -612.8679702939463 -618.587904683279 -619.1061563223507 NaN -606.9229489209546 NaN
67.381125 NaN NaN NaN NaN -618.7697868278793 NaN NaN NaN NaN -614.0578862175464 NaN NaN NaN NaN NaN -606.5213002898104 -619.4622067859748 -615.4052236106114 NaN -615.6963143586285 NaN -611.4993203522887 -611.9830241614509 -617.7177960259318 -618.2248510887747 NaN -605.9977040703216 NaN
67.6344375 NaN NaN NaN NaN -617.9402095579776 NaN NaN NaN NaN -613.1663507378838 NaN NaN NaN NaN NaN -605.5960230945027 -618.6196762088413 -614.5230436123163 NaN -614.8662650474002 NaN -610.6104255246173 -611.0985282712094 -616.8481361299779 -617.3439757873323 NaN -605.0729646040054 NaN
67.88775 NaN NaN NaN NaN -617.1110536534361 NaN NaN NaN NaN -612.275250045908 NaN NaN NaN NaN NaN -604.6712437780077 -617.7775389571336 -613.6412919984539 NaN -614.0366385369888 NaN -609.7219660703825 -610.2144727909623 -615.9789199704837 -616.4635130990176 NaN -604.148722161531 NaN
68.1410625 NaN NaN NaN NaN -616.2823078149034 NaN NaN NaN NaN -611.3846228710507 NaN NaN NaN NaN NaN -603.7469453988089 -616.9357936819938 -612.7599670059858 NaN -613.2074358127253 NaN -608.8339368177637 -609.3308652799487 -615.1101432446192 -615.583484615353 NaN -603.224953127653 NaN
68.394375 NaN NaN NaN NaN -615.4539595233027 NaN NaN NaN NaN -610.4944755001563 NaN NaN NaN NaN NaN -602.823130337183 -616.0944317974851 -611.879068454939 NaN -612.3786223180398 NaN -607.9463376092478 -608.4477126478558 -614.2418016600313 -614.7038934660542 NaN -602.3016584398358 NaN
68.6476875 NaN NaN NaN NaN -614.6259946221154 NaN NaN NaN NaN -609.6047750054913 NaN NaN NaN NaN NaN -601.8998290731303 -615.2534563257278 -610.9986022419567 NaN -611.5501997315596 NaN -607.0591749666755 -607.5650148559437 -613.3739100488601 -613.8247087810927 NaN -601.3788870000001 NaN
68.901 NaN NaN NaN NaN -613.798398950482 NaN NaN NaN NaN -608.71548847985 NaN NaN NaN NaN NaN -600.9770500191355 -614.4128787430714 -610.1185867079281 NaN -610.7222010241089 NaN -606.1724555646435 -606.6827716151332 -612.5064761517108 -612.9459224716007 NaN -600.4566541764219 NaN
69.1543125 NaN NaN NaN NaN -612.9711747019484 NaN NaN NaN NaN -607.8266227854564 NaN NaN NaN NaN NaN -600.0547653973613 -613.5726912213031 -609.2390098519538 NaN -609.8946016719925 NaN -605.2861757071985 -605.8009777549659 -611.639484490916 -612.0675613065962 NaN -599.534931050131 NaN
69.407625 NaN NaN NaN NaN -612.1443411832425 NaN NaN NaN NaN -606.938216297334 NaN NaN NaN NaN NaN -599.1329673826367 -612.7328853587593 -608.3598470932662 NaN -609.0673745966479 NaN -604.4003151428288 -604.9196190488055 -610.7729261954969 -611.18963464348 NaN -598.6136886439884 NaN
69.6609375 NaN NaN NaN NaN -611.3178973812325 NaN NaN NaN NaN -606.0502603443749 NaN NaN NaN NaN NaN -598.2116706898071 -611.8934605419508 -607.4811126246293 NaN -608.240511797698 NaN -603.5148721640768 -604.03868935731 -609.9068010506508 -610.3121285182588 NaN -597.6929189323256 NaN
69.91425 NaN NaN NaN NaN -610.4918315297595 NaN NaN NaN NaN -605.1627357949382 NaN NaN NaN NaN NaN -597.290890012744 -611.0544287613018 -606.6028210362082 NaN -607.4140367826155 NaN -602.629857011071 -603.158194960255 -609.041108866531 -609.4350289294516 NaN -596.7726295240827 NaN
70.1675625 NaN NaN NaN NaN -609.6661573247385 NaN NaN NaN NaN -604.2756577452805 NaN NaN NaN NaN NaN -596.3706090807686 -610.2157835345489 -605.7249692736365 NaN -606.5879638502932 NaN -601.7452637568413 -602.2781424148286 -608.1758487167515 -608.5583427465352 NaN -595.8528117964488 NaN
70.420875 NaN NaN NaN NaN -608.840892198701 NaN NaN NaN NaN -603.3890298505951 NaN NaN NaN NaN NaN -595.4507862355186 -609.3775120027937 -604.8475359172244 NaN -605.7623008392743 NaN -600.8610905715569 -601.3985382521291 -607.3110211242749 -607.682082544651 NaN -594.9334697772757 NaN
70.6741875 NaN NaN NaN NaN -608.0160274768156 NaN NaN NaN NaN -602.5028439230351 NaN NaN NaN NaN NaN -594.5314285809073 -608.5396164668433 -603.9705189465058 NaN -604.9370431840541 NaN -599.9773423353101 -600.5193780243787 -606.446627988112 -606.8062460083788 NaN -594.0146241571196 NaN
70.9275 NaN NaN NaN NaN NaN NaN NaN NaN NaN -601.6170917746807 NaN NaN NaN NaN NaN NaN -607.7020992845487 -603.0939289668901 NaN -604.1121861777322 NaN NaN -599.64064508243 NaN NaN NaN NaN NaN
