P/GPa anatase baddeleyite brookite columbite cotunnite C2c fluorite hollandite 0-a-P21c 0-b-P21c 0-c-I41a 0-d-P31m 0-e-C2c 0-f-C2m 0-g-Im2m 40-a-Pnnm 60-a-R3 60-b-P21c 60-c-Pc 60-d-P62m 60-e-P21m 60-f-Pmn21 60-g-Pminus1 OIanalogue pyrite ramsdelliteAnalogue rutile TiO2B
-0.506625 NaN NaN NaN NaN NaN -909.3454869264062 NaN -905.1750553101614 -918.1747432285911 NaN NaN NaN NaN -910.3807691684976 -909.9854271816207 NaN -901.3347188277014 NaN NaN NaN NaN NaN NaN -911.3887528956591 NaN NaN NaN -908.6572808192332
-0.2533125 -910.8931463752888 NaN -913.8301830711486 -917.0648462122092 NaN -908.3329423758387 NaN -903.796873932622 -917.0890848063707 -912.9749221347579 NaN NaN NaN -909.2178091412975 -908.8758025927264 NaN -900.400747568106 -910.715135556241 NaN NaN NaN NaN NaN -910.3833549478322 -912.9100908769931 NaN -917.9760534534248 -907.3525512528365
0. -909.6688476333251 NaN -912.6785101547039 -915.9795337597968 NaN -907.3292390542388 NaN -902.4224861842213 -915.9978885638741 -911.9438431321801 NaN NaN NaN -908.0486598936332 -907.7698175411473 NaN -899.4702342184933 -909.6991554896842 NaN NaN NaN NaN NaN -909.3815882811541 -911.9046395743964 NaN -916.8702810526199 -906.0526758580994
0.2533125 -908.4415588368443 NaN -911.5324069736946 -914.892864615912 NaN -906.3040167863123 NaN -901.0077927328138 -914.9055034472714 -910.9065906239014 NaN -908.8889518921638 NaN -906.8702810898551 -906.675876636243 NaN -898.5276506389412 -908.676925980867 NaN NaN NaN NaN NaN -908.3711163160774 -910.8908980998615 NaN -915.7690591275677 -904.7531412099466
0.506625 -907.2153097080645 NaN -910.3920709518279 -913.809391933482 NaN -905.2817153832366 NaN -899.6009419264221 -913.8206886927331 -909.8762850132349 NaN -907.8029620908424 NaN -905.7136561359739 -905.5855420282946 NaN -897.5876508140033 -907.657826158767 NaN NaN NaN NaN NaN -907.363698023289 -909.8785529625585 NaN -914.6711492049055 -903.4539397602377
0.7599374999999999 -905.9887424588193 NaN -909.247639122572 -912.7231177918529 NaN -904.2678804074401 NaN -898.1993712315663 -912.7247596438381 -908.8444589829012 NaN -906.7300712085232 NaN -904.5521491034071 -904.4897841164184 NaN -896.6423738075796 -906.637768455608 NaN NaN NaN NaN NaN -906.3599132926373 -908.8698314965642 NaN -913.5709444941745 -902.1562785526459
1.01325 -904.7685693576251 NaN -908.0985861701994 -911.6394610075447 NaN -903.2573465305429 NaN -896.8059102712419 -911.631602340562 -907.8152016883876 NaN -905.6606433993456 NaN -903.3937125882244 -903.397702483365 NaN -895.6992826946619 -905.6204091165214 NaN NaN NaN NaN NaN -905.359319895651 -907.863968791374 NaN -912.4712892597354 -900.8594883255689
1.2665625 -903.553153584224 NaN -906.9555050783572 -910.555509980342 NaN -902.2607137836205 NaN -895.4537548486792 -910.547814860028 -906.7909791456325 NaN -904.5712872726635 NaN -902.2297855293987 -902.3001310593633 NaN -894.7617655553485 -904.5903660544564 NaN NaN NaN NaN NaN -904.3608553714047 -906.8563386922456 NaN -911.3763153717118 -899.5674755497146
1.5198749999999999 -902.3254278901993 NaN -905.8213252316116 -909.4750130678655 NaN -901.2655064379169 NaN -894.1013461423909 -909.4670898829938 -905.769385911962 NaN -903.485174000142 NaN -901.0703131109933 -901.2052560037646 NaN -893.8274170823888 -903.5634203235088 NaN NaN NaN NaN NaN -903.3656796441892 -905.8510465798215 NaN -910.2875034512083 -898.2803818516386
1.7731875 -901.1023976270549 NaN -904.6896518870353 -908.4006344271245 NaN -900.2442129178726 NaN -892.6923549781366 -908.3878144756643 -904.7404144492616 NaN -902.4093739600269 NaN -899.904868773952 -900.1145005253916 NaN -892.8907250966383 -902.5466017056892 NaN NaN NaN NaN NaN -902.3763213616834 -904.8546040454376 NaN -909.1960067059633 -896.9977944038249
2.0265 -899.8870670469995 NaN -903.5484246600083 -907.3285401624266 NaN -899.2256413792356 NaN -891.2905087867524 -907.3109805524389 -903.7142407978189 NaN -901.3377867452627 NaN -898.744430346349 -899.027266347293 NaN -891.9566555716794 -901.5335231983013 NaN NaN NaN NaN NaN -901.3902234194494 -903.8613820692328 NaN -908.1063844722783 -895.7131053663525
2.2798125 -898.6755699164489 NaN -902.4109919190204 -906.2546604568504 NaN -898.2185014111034 NaN -889.9279034770259 -906.2221161606562 -902.6774020402515 NaN -900.2706065354179 NaN -897.5981620156045 -897.9238759539094 NaN -891.0295360608527 -900.5137638497004 NaN NaN NaN NaN NaN -900.3827041636291 -902.837361392113 NaN -907.0197258089892 -894.4315855131799
2.533125 -897.4613050369338 NaN -901.2782713953306 -905.1812382471587 NaN -897.2142559167214 NaN -888.5771587455359 -905.1363839856011 -901.6431431445646 NaN -899.2067433277755 NaN -896.4575416434179 -896.8241530083928 NaN -890.1059288590843 -899.4965710860749 NaN NaN NaN NaN NaN -899.3780669619616 -901.8158436837908 NaN -905.9361470918141 -893.1399400975364
2.7864375 -896.2504100672327 NaN -900.1474746265774 -904.1014182324525 NaN -896.2002665618171 NaN -887.2063844113196 -904.0624470390924 -900.6210876046059 NaN -898.1366427774695 NaN -895.304990001932 NaN NaN -889.1701044051385 -898.4887485292231 NaN NaN NaN NaN NaN -898.3790428850373 -900.814598399674 NaN -904.8502365533031 -891.8528912629936
3.0397499999999997 -895.0361948845027 NaN -899.0081302010294 -903.0239447449001 NaN -895.1892067939473 NaN -885.840738212331 -902.9915080120202 -899.6018022680533 NaN -897.0685400917233 NaN -894.1573290363644 NaN NaN -888.236035877608 -897.4841126469643 NaN NaN NaN NaN NaN -897.3830523148756 -899.8188011489472 NaN -903.7568993855189 -890.57933691586
3.2930625 -893.8259690960306 NaN -897.8727045628398 -901.9467156530893 NaN -894.1906644276744 NaN -884.4584338206874 -901.9116927338753 -898.577451655648 NaN -896.0017677332428 NaN -893.0169442196047 NaN NaN -887.296456196722 -896.4709705114384 NaN NaN NaN NaN NaN -896.3940799475695 -898.8220397620014 NaN -902.6676611867717 -889.3095945794507
3.546375 -892.6147704568571 NaN -896.7468462852935 -900.8724432556778 NaN -893.1943683565987 NaN -883.0832964672736 -900.8345618382684 -897.5551121483611 NaN -894.9376947446285 NaN -891.881163210639 NaN NaN -886.3594286425296 -895.4603185717724 NaN NaN NaN NaN NaN -895.4083549664398 -897.827205334911 NaN -901.5840882024913 -888.0317220571519
3.7996874999999997 -891.4082456776946 NaN -895.6227935893379 -899.801496472289 NaN -892.184512788391 NaN -881.7450692306794 -899.753126467998 -896.53225023957 NaN -893.8725317941924 NaN -890.7333654017007 NaN NaN -885.4206917418174 -894.4472195000965 NaN NaN NaN NaN NaN -894.4109606992374 -896.8274100087232 NaN -900.4993085443398 -886.758535121507
4.053 -890.2102910959744 NaN -894.4856966006585 -898.7339435933857 NaN -891.1777511730004 NaN -880.4011442943236 -898.6737996375821 -895.512066840051 NaN -892.8094261874417 NaN -889.5901545614729 NaN NaN -884.4844453406802 -893.4368496728937 NaN NaN NaN NaN NaN -893.4159853066262 -895.8287254359287 NaN -899.4062809012828 -885.4945762936878
4.3063125 -889.0156635815775 NaN -893.3519276396581 -897.6712265800847 NaN -890.1836266985615 NaN -879.0337699473816 -897.6089815890964 -894.4945857942545 NaN -891.741266620488 NaN -888.4530843486334 NaN NaN -883.5481598766032 -892.4274594405646 NaN NaN NaN NaN NaN -892.4323232270581 -894.8305934280608 NaN -898.3197279374579 -884.2322375325152
4.559625 -887.8162476028979 NaN -892.2239088229799 -896.6057403706661 NaN -889.1913551929026 NaN -877.6743958042558 -896.5462451473848 -893.4789099426787 NaN -890.6759524788489 NaN -887.320709715304 NaN NaN -882.6141269816706 -891.4208281784965 NaN NaN NaN NaN NaN -891.4518693765244 -893.8346821032555 NaN -897.2477449179094 -882.9533464758456
4.812937499999999 -886.6202921483573 NaN -891.0994175203731 -895.5287431640043 NaN -888.1829913138444 NaN -876.3569731626171 -895.4699189096038 -892.457598809415 NaN -889.6101527766202 NaN -886.1938015999427 NaN NaN -881.6784447469531 -890.4165653586344 NaN NaN NaN NaN NaN -890.4590285614619 -892.8315496840233 NaN -896.1744146102549 -881.6789193483978
5.06625 -885.4234989888927 NaN -889.9830321161794 -894.4577361906527 NaN -887.1771176481983 NaN -875.0286438972284 -894.3964359206848 -891.4388629195007 NaN -888.5470870506961 NaN -885.0701413707989 NaN NaN -880.7451876467067 -889.4148922031926 NaN NaN NaN NaN NaN -889.4686846217965 -891.828783175529 NaN -895.0953512395427 -880.4122619139771
5.3195625 -884.2288157359742 NaN -888.8678540815689 -893.4029333550072 NaN -886.1801566595642 NaN -873.630721931087 -893.3288221214399 -890.4226732086988 NaN -887.4813371150585 NaN -883.936181166708 NaN NaN -879.816906460525 -888.4093067324387 NaN NaN NaN NaN NaN -888.4718051988141 -890.8326897372481 NaN -894.0141120725939 -879.1482924549402
5.572875 -883.0286464525352 NaN -887.7472378352909 -892.3440663052816 NaN -885.1858158144457 NaN -872.2391922346837 -892.2638669104479 -889.4085402947474 NaN -886.4181801501699 NaN -882.8066565057059 NaN NaN -878.8911979122009 -887.4056893785232 NaN NaN NaN NaN NaN -887.4771215464848 -889.8403130424178 NaN -892.9264352917253 -877.8813121797073
5.8261875 -881.8314927473763 NaN -886.6292175130934 -891.2739962250579 NaN -884.199239180039 NaN -870.9414971344496 -891.1928911113938 -888.3892690807073 NaN -885.3682068497601 NaN -881.684848427108 NaN NaN -877.9623761396572 -886.4000564969767 NaN NaN NaN NaN NaN -886.4952102398407 -888.8488260216782 NaN -891.8451353128057 -876.617226279285
6.0794999999999995 -880.6325468730026 NaN -885.5103215142791 -890.207574985764 NaN -883.2154858209614 NaN NaN -890.1243121974198 -887.372422959057 NaN -884.3199788299441 NaN -880.5672946357113 NaN NaN -877.0351830870911 -885.3965012183708 NaN NaN NaN NaN NaN -885.5165600962366 -887.8593569603461 NaN -890.7770396223469 -875.3541512826273
6.3328125 -879.4388649709754 NaN -884.3931016229076 -889.145562074817 NaN -882.2017162459673 NaN NaN -889.0729025435371 -886.3647483081936 NaN -883.2486288477176 NaN -879.44179016474 NaN NaN -876.1008988980935 -884.3941973736981 NaN NaN NaN NaN NaN -884.5299059798012 -886.868040669517 NaN -889.7085593576613 -874.0947767925505
6.586125 -878.2565374900997 NaN -883.2705003714361 -888.0848952940963 NaN -881.1925390801478 NaN NaN -888.0241328944818 -885.3585948815883 NaN -882.1808988000822 NaN -878.3194948958799 NaN NaN -875.1688611303709 -883.3943454525886 NaN NaN NaN NaN NaN -883.5450438961427 -885.8778008860605 NaN -888.6335151486971 -872.837414955748
6.8394375 -877.0768503739325 NaN -882.1533397913201 -887.024568734676 NaN -880.2018660310385 NaN NaN -886.9536399301164 -884.3383907836458 NaN -881.1373652668874 NaN -877.1974521545354 NaN NaN -874.2383699395497 -882.3924050647454 NaN NaN NaN NaN NaN -882.5583338505758 -884.8947197360469 NaN -887.557368056459 -871.5818324545072
7.09275 -875.8825396077596 NaN -881.0484896273739 -885.9647551701879 NaN -879.2134971380965 NaN NaN -885.8855001342531 -883.3204953907799 NaN -880.0965379120705 NaN -876.0780576168115 NaN NaN -873.3100983811755 -881.3922366853667 NaN NaN NaN NaN NaN -881.5738197410886 -883.9149382713035 NaN -886.4775799009606 -870.3223982404099
7.3460624999999995 -874.6931714665582 NaN -879.9442618978355 -884.9046817361718 NaN -878.2299189471809 NaN NaN -884.8197013517604 -882.3132770612998 NaN -879.0342427318707 NaN -874.9532164249847 NaN NaN -872.3820939137313 -880.3984401946814 NaN NaN NaN NaN NaN -880.598747236249 -882.9188507578231 NaN -885.4048753356453 -869.0667760569775
7.599374999999999 -873.5145068159468 NaN -878.8292086252261 -883.8487132912338 NaN -877.2475797923394 NaN NaN -883.7563441815253 -881.3081926575849 NaN -877.9731824971102 NaN -873.8323059341766 NaN NaN -871.4561295616683 -879.4077380041572 NaN NaN NaN NaN NaN -879.6270216045007 -881.9183200266684 NaN -884.3472212874647 -867.8153237661445
7.8526875 -872.3385914673631 NaN -877.71681742356 -882.7972011502749 NaN -876.2419580590774 NaN NaN -882.6928112258902 -880.2997668082469 NaN -876.9193436159346 NaN -872.7176450086562 NaN NaN -870.5258375642237 -878.4131722568745 NaN NaN NaN NaN NaN -878.6464831160356 -880.9246624044017 NaN -883.2833548844667 -866.5665222970101
8.106 -871.1589963789054 NaN -876.6060993302472 -881.7453033174711 NaN -875.2386222918979 NaN NaN -881.6316965195243 -879.2936378220618 NaN -875.8682798236921 NaN -871.6067558605447 NaN NaN -869.5970908904915 -877.419557414652 NaN NaN NaN NaN NaN -877.6666662485776 -879.9354699386888 NaN -882.2076824868657 -865.3151866526957
8.3593125 -869.9815530780766 NaN -875.4973485858466 -880.6904081278733 NaN -874.2528394568785 NaN NaN -880.5748545874333 -878.2867532988175 NaN -874.8250973713659 NaN -870.499539364399 NaN NaN -868.6670074040945 -876.4194717474855 NaN NaN NaN NaN NaN -876.684492294075 -878.953424083305 NaN -881.1364703697823 -864.0656610585513
8.612625 -868.8010552398805 NaN -874.3872295358058 -879.6374575777529 NaN -873.269623029822 NaN NaN -879.5205360034739 -877.2819356185266 NaN -873.7840843468643 NaN -869.3942061659786 NaN NaN -867.7384986175823 -875.4207761713544 NaN NaN NaN NaN NaN -875.704356841489 -877.9756874776276 NaN -880.0715227732499 -862.8090062743968
8.8659375 -867.6234616102374 NaN -873.2800429576239 -878.5861535853651 NaN -872.275719430541 NaN NaN -878.4658401694018 -876.275318627579 NaN -872.7354865700659 NaN -868.2800562931816 NaN NaN -866.8182360159187 -874.4316717997663 NaN NaN NaN NaN NaN -874.729283590073 -876.9916944402562 NaN -879.007084394223 -861.5563961227658
9.11925 -866.4457759303218 NaN -872.1760484958554 -877.5328563121875 NaN -871.2844917793986 NaN NaN -877.4133594843825 -875.2708103538254 NaN -871.6887616294866 NaN -867.1695149167135 NaN NaN -865.9010395012774 -873.4454471285744 NaN NaN NaN NaN NaN -873.7566765212218 -876.0074567893299 NaN -877.9421764240362 -860.3108842567915
9.372562499999999 -865.2713587463409 NaN -871.0741062241941 -876.4775454038345 NaN -870.3020891335367 NaN NaN -876.3595721105612 -874.261080773163 NaN -870.638965804414 NaN -866.0685770382045 NaN NaN -864.9768025691754 -872.4506763949493 NaN NaN NaN NaN NaN -872.77959739329 -875.0212606610027 NaN -876.875928947999 -859.0698532154759
9.625874999999999 -864.0999497121985 NaN -869.9705931623427 -875.428685107591 NaN -869.3213562942567 NaN NaN -875.3080845057225 -873.2535326172674 NaN -869.5915679952996 NaN -864.9713273846671 NaN NaN -864.0527317691664 -871.4572564248442 NaN NaN NaN NaN NaN -871.8037633213528 -874.0356751501789 NaN -875.805697966769 -857.8365912662507
9.8791875 -862.9312267536969 NaN -868.8697282915855 -874.386900786765 NaN -868.3210757120876 NaN NaN -874.2555820532721 -872.2606038592194 NaN -868.5461960228197 NaN -863.8750484515232 NaN NaN -863.1230280845728 -870.4719497657011 NaN NaN NaN NaN NaN -870.8316759528138 -873.0543436259081 NaN -874.7430341134094 -856.6019101216887
10.1325 -861.7604942244595 NaN -867.7712826508562 -873.3436822052995 NaN -867.3228656744478 NaN NaN -873.2052704294674 -871.2699267025903 NaN -867.503189716515 NaN -862.7807459018545 NaN NaN -862.1947399789744 -869.4900795670283 NaN NaN NaN NaN NaN -869.8619353996662 -872.0760318431479 NaN -873.6919829141978 -855.3509737216541
10.3858125 -860.5940886326225 NaN -866.674267740215 -872.2927864597345 NaN -866.3468452166393 NaN NaN -872.1560927018613 -870.2618132660625 NaN -866.4590579121109 NaN -861.6822776572084 NaN NaN -861.2804134338512 -868.5068223102512 NaN NaN NaN NaN NaN -868.8862210244918 -871.093065453244 NaN -872.6364766312092 -854.1047099268349
10.639125 -859.4379746799766 NaN -865.5745054613473 -871.2460530181123 NaN -865.3735173857917 NaN NaN -871.1091842464173 -869.255376175535 NaN -865.4171169007859 NaN -860.5865825474749 NaN NaN -860.3703278100729 -867.5253408622061 NaN NaN NaN NaN NaN -867.9123253857556 -870.1094404233229 NaN -871.5716734644055 -852.8697887434034
10.8924375 -858.280868494513 NaN -864.4778859583666 -870.2037115268512 NaN -864.3946064627338 NaN NaN -870.0657490030699 -868.2723032904207 NaN -864.3753240581402 NaN -859.4862244139101 NaN NaN -859.4408535454747 -866.5374552159242 NaN NaN NaN NaN NaN -866.9435984566488 -869.1291252755632 NaN -870.5098600481437 -851.6385498888926
11.14575 -857.110350216384 NaN -863.385876589604 -869.1591153181872 NaN -863.4167684610809 NaN NaN -869.0243657119736 -867.2895131549994 NaN -863.3357793916443 NaN -858.3891800259534 NaN NaN -858.5109460667117 -865.5504562016089 NaN NaN NaN NaN NaN -865.9775955742595 -868.1513646212657 NaN -869.4512887000217 -850.4109808767557
11.3990625 -855.9469850045614 NaN -862.2943930916267 -868.1136008560071 NaN -862.4351772094863 NaN NaN -867.9723830257883 -866.2815966705233 NaN -862.2909793531871 NaN -857.2948802867011 NaN NaN -857.5921076046961 -864.563066378102 NaN NaN NaN NaN NaN -865.0077151592268 -867.1749393374831 NaN -868.3943236309999 -849.1840186307027
11.652375 -854.7989892126582 NaN -861.1979290303035 -867.0717594660138 NaN -861.4558786490616 NaN NaN -866.9225693240419 -865.2758429760474 NaN -861.2479920775756 NaN -856.2038150914275 NaN NaN -856.676934984608 -863.5774181894991 NaN NaN NaN NaN NaN -864.0378875376114 -866.2001505113469 NaN -867.3385991849623 -847.9429033859287
11.905687499999999 -853.6483015683395 NaN -860.1039135867678 -866.0338325685333 NaN -860.4730479710513 NaN NaN -865.8718536505412 -864.2752641632921 NaN -860.2135291318709 NaN NaN NaN NaN -855.763046131686 -862.5920747659122 NaN NaN NaN NaN NaN -863.0664088046327 -865.22856411556 NaN -866.2861477000712 -846.7062034949737
12.158999999999999 -852.4824676415085 NaN -859.0116422923618 -864.9947454290788 NaN -859.4923755205818 NaN NaN -864.8232454224866 -863.2766883324582 NaN -859.1819776717999 NaN NaN NaN NaN -854.8509418755698 -861.6084435851233 NaN NaN NaN NaN NaN -862.0962390377189 -864.2596447926107 NaN -865.237525669318 -845.4761750488733
12.412312499999999 -851.3227270348092 NaN -857.9206113302332 -863.954366572714 NaN -858.5218250914434 NaN NaN -863.7817578988532 -862.2855699827587 NaN -858.1526004734724 NaN NaN NaN NaN -853.9375562746206 -860.6325413199326 NaN NaN NaN NaN NaN -861.1306859476194 -863.2847126828028 NaN -864.1816652684101 -844.2469247144031
12.665625 -850.1775146711611 NaN -856.8287448630149 -862.9181910295387 -848.7353523744401 -857.5530263139974 NaN NaN -862.7424112829348 -861.2963722362492 NaN -857.1253499072457 NaN NaN NaN NaN -853.0252571443239 -859.6597437964647 NaN NaN NaN NaN NaN -860.1678735956834 -862.3077780497183 NaN -863.1169242816638 -843.013270321033
12.9189375 -849.0293840542299 NaN -855.7392322099347 -861.8864730922602 -847.8330390348887 -856.5758108735342 NaN NaN -861.7021669066313 -860.3021436246912 NaN -856.096995498045 NaN NaN NaN NaN -852.104877769822 -858.6823840630868 NaN NaN NaN NaN NaN -859.2041439300782 -861.3358190719687 NaN -862.0584649807104 NaN
13.17225 -847.8678052377559 NaN -854.6517502966526 -860.8523440486925 -846.9347133837075 -855.6010989686515 NaN NaN -860.6640164644249 -859.310142369774 NaN -855.0701998465785 NaN NaN NaN NaN -851.1843444196936 -857.7051293451004 NaN NaN NaN NaN NaN -858.2410517461265 -860.3679283594744 NaN -861.0118002417796 NaN
13.4255625 -846.7110171938525 NaN -853.5656713313015 -859.815454161479 -846.0435937735448 -854.6294510654302 NaN NaN -859.6189138328656 -858.3309953366124 NaN -854.0355053889243 NaN NaN NaN NaN -850.2685938669223 -856.7239119622164 NaN NaN NaN NaN NaN -857.2757611562552 -859.3977139815112 NaN -859.9674172469727 NaN
13.678875 -845.5615824685735 NaN -852.4792084182345 -858.7796953651521 -845.152495233318 -853.6600076870698 NaN NaN -858.5753296040218 -857.3535589542778 NaN -853.0028432569648 NaN NaN NaN NaN -849.3553646736199 -855.7430489280034 NaN NaN NaN NaN NaN -856.3113258565157 -858.4273164626361 NaN -858.9256220312932 NaN
13.9321875 -844.4167162879965 NaN -851.3968472232239 -857.7449298526568 -844.2533160675869 -852.6888657072382 NaN NaN -857.5472277770306 -856.3538347595367 NaN -851.9685567202201 NaN NaN NaN NaN -848.4363925291614 -854.765700301605 NaN NaN NaN NaN NaN -855.3495894409585 -857.4517733808896 NaN -857.8854220920329 NaN
14.1855 -843.2789316259119 NaN -850.3227164191529 -856.7110934356779 -843.3566083544104 -851.7196613850952 NaN NaN -856.5213326050847 -855.3559318382862 NaN -850.9363199131329 NaN NaN NaN NaN -847.517722127679 -853.7910192812022 NaN NaN NaN NaN NaN -854.3900351101604 -856.4727237159904 NaN -856.8462865553815 NaN
14.4388125 -842.1410491200405 NaN -849.2474075276116 -855.678163307841 -842.4619584957021 -850.7601486128472 NaN NaN -855.4844701053341 -854.3669307009752 NaN -849.9106820557129 NaN NaN NaN NaN -846.6050586717425 -852.8138573562385 NaN NaN NaN NaN NaN -853.4296764666697 -855.5061527988007 NaN -855.8008860402674 NaN
14.692124999999999 -840.9953008706399 NaN -848.1620542104072 -854.6476124777034 -841.5715919999716 -849.801671238866 NaN NaN -854.4491572856108 -853.3800096169267 NaN -848.8871040983977 NaN NaN NaN NaN -845.6952201421361 -851.8366177707364 NaN NaN NaN NaN NaN -852.4704509111795 -854.5480691044652 NaN -854.7446321326062 NaN
14.945437499999999 -839.8536376605052 NaN -847.0789881728657 -853.6194035634117 -840.6915454354719 -848.8264124944545 NaN NaN -853.4089723323875 -852.3881470204287 NaN -847.8555498027206 NaN NaN NaN NaN -844.7846988683181 -850.8670142576443 NaN NaN NaN NaN NaN -851.5086028870116 -853.5764969791767 NaN -853.691955527124 NaN
15.198749999999999 -838.7177225147461 NaN -845.9980274109903 -852.5893358565331 -839.8068400003458 -847.8532791222091 NaN NaN -852.3707847681767 -851.398105346291 NaN -846.8259755953043 NaN NaN NaN NaN -843.8752518159514 -849.9010622318899 NaN NaN NaN NaN NaN -850.5473160809613 -852.5969286486072 NaN -852.6437146738504 NaN
15.4520625 -837.5828573183021 NaN -844.919475328219 -851.5568286418464 -838.9041018025804 -846.8855320407961 NaN NaN -851.3429717284465 -850.419912965264 NaN -845.8037122028343 NaN NaN NaN NaN -842.9640123691765 -848.9266121710057 NaN NaN NaN NaN NaN -849.5929060651495 -851.6288081776416 NaN -851.5960021725779 NaN
15.705375 -836.4441998937479 NaN -843.8430592517965 -850.5250340676714 -838.004878725367 -845.9198135096387 NaN NaN -850.3173156550341 -849.4438165389358 NaN -844.7836299580124 NaN NaN NaN NaN -842.0534849880767 -847.9511121760484 NaN NaN NaN NaN NaN -848.6419223524306 -850.6722790940828 NaN -850.5471195366256 NaN
15.9586875 -835.3089069216328 NaN -842.7680706841319 -849.4938879678411 -837.1108488382437 -844.9630061202015 NaN NaN -849.2905180070047 -848.4611605435282 NaN -843.7576480426335 NaN NaN NaN NaN -841.1352857163938 -846.9877965509479 NaN NaN NaN NaN NaN -847.6894902695328 -849.7106856157743 NaN -849.5039220203946 NaN
16.212 -834.1776017578163 NaN -841.6936510692567 -848.4675411371843 -836.222538663474 -844.008535301753 NaN NaN -848.2657193063114 -847.479751536349 NaN -842.7330959024189 NaN NaN NaN NaN -840.2157255297909 -846.0295931655878 NaN NaN NaN NaN NaN -846.7379749437364 -848.7446096048884 NaN -848.4682002325624 NaN
16.4653125 -833.0474398607806 NaN -840.6223277227066 -847.4463611541285 -835.3461520492199 -843.0441708242995 NaN NaN -847.2326562450314 -846.4861147833763 NaN -841.7187291064841 NaN NaN NaN NaN -839.308559134803 -845.062890265551 NaN NaN NaN NaN NaN -845.7793918955765 -847.7849070932332 NaN -847.428743235663 NaN
16.718625 -831.9166200039247 NaN -839.5548308883517 -846.4211183893219 -834.4613851264628 -842.0814130051083 NaN NaN -846.2013459703054 -845.4942787923774 NaN -840.7079121562704 NaN NaN NaN NaN -838.4078098928891 -844.0956857535251 NaN NaN NaN NaN NaN -844.8195058484002 -846.8313709996922 NaN -846.3841637077971 NaN
16.9719375 -830.7860728368507 NaN -838.4879616243254 -845.3893126993042 -833.5601706139123 -841.1192265507227 NaN NaN -845.1742999041439 -844.5224566260781 NaN -839.6737778616109 NaN NaN NaN NaN -837.5052037572518 -843.1272242514978 NaN NaN NaN NaN NaN -843.8641546523102 -845.8712826403525 NaN -845.3467424175467 NaN
17.22525 -829.6516088512083 NaN -837.4185110569523 -844.3603664292283 -832.66260973664 -840.1588521204595 NaN NaN -844.1491339987136 -843.5519548484424 NaN -838.6399786715358 NaN NaN NaN NaN -836.6034245864726 -842.1594910315114 NaN NaN NaN NaN NaN -842.9118538611383 -844.9066570553491 NaN -844.3181538837185 NaN
17.4785625 -828.5228719591192 NaN -836.3492258410338 -843.3344501701772 -831.7708478568916 -839.2071656111159 NaN NaN -843.1221145826762 -842.5647460951808 NaN -837.6297167123844 NaN NaN NaN NaN -835.6975236633962 -841.1896250807985 NaN NaN NaN NaN NaN -841.9566782618793 -843.9461324498593 NaN -843.287395484463 NaN
17.731875 -827.4024391240255 NaN -835.2774725437068 -842.3140392251122 -830.8824555034746 -838.2576132368913 NaN NaN -842.09696798067 -841.5792600077091 NaN -836.6221691399862 NaN NaN NaN NaN -834.7919038955495 -840.2203951135632 NaN NaN NaN NaN NaN -841.0020275587793 -842.9893715263745 NaN -842.2525873018208 NaN
17.9851875 -826.2811894839056 NaN -834.2065222977894 -841.3014500648906 -830.0030655456777 -837.3136851117079 NaN NaN -841.0736696368494 -840.6037275207971 NaN -835.6070767649306 NaN NaN NaN NaN -833.8863255897847 -839.2542300992588 NaN NaN NaN NaN NaN -840.0483531248562 -842.0300055301791 NaN -841.2179621930995 NaN
18.2385 -825.1559865545925 NaN -833.134665860984 -840.2851858762365 -829.122911477576 -836.3715645798754 NaN NaN -840.0522550944113 -839.6304919597734 NaN -834.593787724689 NaN NaN NaN NaN -832.9817058702613 -838.2903080875103 NaN NaN NaN NaN NaN -839.0960726152614 -841.0687035235148 NaN -840.1830656429536 NaN
18.491812499999998 -824.0312644661151 NaN -832.0664398698447 -839.2644256585712 -828.2351312309358 -835.4122997704862 NaN NaN -839.0328376580323 -838.6533086284634 NaN -833.5787092443315 NaN NaN NaN NaN -832.0730258670887 -837.3291794526539 NaN NaN NaN NaN NaN -838.1535147455133 -840.1072157279982 -834.435287437601 -839.1451104530843 NaN
18.745124999999998 -822.9049596084147 NaN -831.003526286558 -838.2453969613571 -827.3460178474279 -834.4548797358511 NaN NaN -838.01525421053 -837.6778311368424 NaN -832.5653786015671 NaN NaN NaN NaN -831.1644184853658 -836.3701245049044 NaN NaN NaN NaN NaN -837.2155120461953 -839.145404402358 -833.4977128745177 -838.1047566199113 NaN
18.998437499999998 -821.7849134695496 NaN -829.941885805574 -837.228083728709 -826.4523537170562 -833.4978558015398 NaN NaN -836.9945037858197 -836.702550300183 NaN -831.5543109149364 NaN NaN NaN NaN -830.2556724958874 -835.4072695582108 NaN NaN NaN NaN NaN -836.2642187909253 -838.1818735367655 -832.5536274116092 -837.0701224931418 NaN
19.251749999999998 -820.6758554158782 NaN -828.8799922614755 -836.2113575015255 -825.5640933269308 -832.5426345539408 NaN NaN -835.9755105531988 -835.7289500107945 NaN -830.5442714437836 NaN NaN NaN NaN -829.3477133874943 -834.4441425282469 NaN NaN NaN NaN NaN -835.3099667017524 -837.2163888076063 -831.6078837614032 -836.0418747157665 NaN
19.505062499999998 -819.5665414120438 NaN -827.818563057833 -835.1945447771043 -824.6849659972249 -831.593752513077 NaN NaN -834.9616495497688 -834.7542315754438 NaN -829.5244456850108 NaN NaN NaN NaN -828.4463014129623 -833.4890023918656 NaN NaN NaN NaN NaN -834.3625124155227 -836.2595719816632 -830.6612185315889 -835.0126643977987 NaN
19.758375 -818.4542201458489 NaN -826.7546967355299 -834.1774958903011 -823.8041178520526 -830.6468189989469 NaN NaN -833.9495994875651 -833.7811185264461 NaN -828.5063070826915 NaN NaN NaN NaN -827.5482972703476 -832.5383832657291 NaN NaN NaN NaN NaN -833.41851433127 -835.3129858789036 -829.7153971915081 -833.981963808438 NaN
20.0116875 -817.3405818535634 NaN -825.6912519258017 -833.1593592282384 -822.9167455710283 -829.6981482658915 NaN NaN -832.9255627108221 -832.8136456656825 NaN -827.4966799643499 NaN NaN NaN NaN -826.6487489900053 -831.5783802927488 NaN NaN NaN NaN NaN -832.4690968924829 -834.3658393906906 -828.7728090421568 -832.9492655960112 NaN
20.265 -816.2231182806777 NaN -824.6267543396427 -832.1436586178164 -822.0349427593185 -828.7511158062987 NaN NaN -831.9032304212651 -831.8478425988449 NaN -826.4901319648268 NaN NaN NaN NaN -825.7493536273653 -830.6155181349615 NaN NaN NaN NaN NaN -831.5184211082928 -833.4179539712804 -827.8326375757501 -831.9135292411371 NaN
20.5183125 -815.1071007820735 NaN NaN -831.1307758451089 -821.1600063721534 -827.8053170805251 NaN NaN -830.8842582956598 -830.8752861412811 NaN -825.475878826556 NaN NaN NaN NaN -824.8522308558768 -829.6566861581789 NaN NaN NaN NaN NaN -830.5783109700507 -832.463974121408 -826.8893498967736 -830.8834946052908 NaN
20.771625 -813.9914673502226 NaN NaN -830.1200533380511 -820.2772302769214 -826.8612802094352 NaN NaN -829.8670793926126 -829.904025596917 NaN -824.4636308440994 NaN NaN NaN NaN -823.9569957980309 -828.7003971542365 NaN NaN NaN NaN NaN -829.6448339258326 -831.5031405732905 -825.9455709326928 -829.8595328750437 NaN
21.0249375 -812.8818644276597 NaN NaN -829.1116827606984 -819.385946492609 -825.9179058014183 NaN NaN -828.8551921410982 -828.9289367423662 NaN -823.4646368542108 NaN NaN NaN NaN -823.0559272705698 -827.7478016870286 NaN NaN NaN NaN NaN -828.6979367526424 -830.546519711795 -824.9934570599453 -828.8346464342513 NaN
21.27825 -811.7801631040768 NaN NaN -828.1042466161025 -818.4981268051399 -824.9762481869202 NaN NaN -827.8450880210959 -827.9554508408125 NaN -822.4669156713419 NaN NaN NaN NaN -822.153364269034 -826.7978028672364 NaN NaN NaN NaN NaN -827.746258778669 -829.5950547657546 -824.0387801469651 -827.808172028039 NaN
21.5315625 -810.6796291314788 NaN NaN -827.0971691125187 -817.6161363133081 -824.0339264196261 NaN NaN -826.8367823143337 -826.9894370568556 NaN -821.4607796197358 NaN NaN NaN NaN -821.2609392167876 -825.8463011333694 NaN NaN NaN NaN NaN -826.8131329745377 -828.6474257647853 -823.0895511933704 -826.7829908661665 NaN
21.784875 -809.5795496354621 NaN NaN -826.0892431231027 -816.7334387450073 -823.0931846702301 NaN NaN -825.8302106542561 -826.0250268996218 NaN -820.4563206748544 NaN NaN NaN NaN -820.3742267467657 -824.8950536070936 NaN NaN NaN NaN NaN -825.8877815843389 -827.7053937604186 -822.1437090906875 -825.7590036424002 NaN
22.0381875 -808.4781692799123 NaN NaN -825.0792041829131 -815.8482500957269 -822.1489565143884 NaN NaN -824.8163291126682 -825.060432627565 NaN -819.4507531293573 NaN NaN NaN NaN -819.4783363413333 -823.9409384574642 NaN NaN NaN NaN NaN -824.9390728610065 -826.7558086837389 -821.2011920877087 -824.739180186742 NaN
22.2915 -807.373548771031 NaN NaN -824.0708049658117 -814.9667521507913 -821.20645045997 NaN NaN -823.8042489690329 -824.0973656911995 NaN -818.4469426786684 NaN NaN NaN NaN -818.579244164923 -822.9865568882053 NaN NaN NaN NaN NaN -823.9816745691749 -825.7946825360225 -820.2611213016569 -823.7239831396116 NaN
22.5448125 -806.2695781431308 NaN NaN -823.0640541158632 -814.0912093777422 -820.2665763247248 NaN NaN -822.7993931012508 -823.1284188453668 NaN -817.4449886508063 NaN NaN NaN NaN -817.6773588927429 -822.0337684063047 NaN NaN NaN NaN NaN -823.040308997924 -824.8389862637567 -819.3174413202164 -822.7079509578775 NaN
22.798125 -805.1652347799649 NaN NaN -822.0577729570715 -813.2117331721628 -819.3284278218139 NaN NaN -821.7962122691936 -822.1610353932765 NaN -816.4448454035378 NaN NaN NaN NaN -816.7749976341911 -821.0825683671627 NaN NaN NaN NaN NaN -822.1084710138576 -823.8905611782535 -818.3731943919294 -821.6910048901939 NaN
23.0514375 -804.0632637250737 NaN NaN -821.0510419376192 -812.3271643186629 -818.392439586036 NaN NaN -820.7865770030542 -821.1957209639884 NaN -815.4476309716545 NaN NaN NaN NaN -815.879876877413 -820.1293746816532 NaN NaN NaN NaN NaN -821.1741965625199 -822.9461467395416 -817.4242681364657 -820.6711448847359 NaN
23.30475 -802.9634544683224 NaN NaN -820.0484740264183 -811.4458275550485 -817.4577963238675 NaN NaN -819.778213180875 -820.2319123879327 NaN -814.4519398084576 NaN NaN NaN NaN -814.9886805557869 -819.1759166267457 NaN NaN NaN NaN NaN -820.2389713716886 -822.0080103341443 -816.4733457540733 -819.6495704400047 NaN
23.5580625 -801.8670862105505 NaN NaN -819.0520296008585 -810.5684518600574 -816.5152092675314 NaN NaN -818.7637600676235 -819.2780398683809 NaN -813.4517653759755 NaN NaN NaN NaN -814.0939959582956 -818.2306118492402 NaN NaN NaN NaN NaN -819.3072637099226 -821.0696473850098 -815.5362659463106 -818.6275524044494 NaN
23.811374999999998 -800.7747309092416 NaN NaN -818.0511458153939 -809.6923343961168 -815.5742664018935 NaN NaN -817.7509380855968 -818.3245409093086 NaN -812.4530481547084 NaN NaN NaN NaN -813.1980894131102 -817.2904670729861 NaN NaN NaN NaN NaN -818.3780480464147 -820.1297982492802 -814.6068355389442 -817.6052393122641 NaN
24.064687499999998 -799.6837893151206 NaN NaN -817.0423667824789 -808.8173237101844 -814.6317217449975 NaN NaN -816.7462433177047 -817.3514105916054 NaN -811.4472249835408 NaN NaN NaN NaN -812.3052599713066 -816.3409239036126 NaN NaN NaN NaN NaN -817.4417075978236 -819.1887123819108 -813.6689619836185 -816.5848497367066 NaN
24.317999999999998 -798.5936937102603 NaN NaN -816.0382624036628 -807.9414390693532 -813.6907661239487 NaN NaN -815.7432142349285 -816.379732004277 NaN -810.4430409549427 NaN NaN NaN NaN -811.4147245836457 -815.3855865565399 NaN NaN NaN NaN NaN -816.5012826781355 -818.2443196784079 -812.7274610759307 -815.5663385993768 NaN
24.571312499999998 -797.5009510473099 NaN NaN -815.0413159010054 -807.0618557377538 -812.7586762495853 NaN NaN -814.7430780143912 -815.4158864264352 NaN -809.4508217361363 NaN NaN NaN NaN -810.5302827020946 -814.4350134033828 NaN NaN NaN NaN NaN -815.5664477185185 -817.2978218482779 -811.7842122677189 -814.5517767606673 NaN
24.824624999999997 -796.4035978040746 NaN NaN -814.0435372105946 -806.1830950112357 -811.828842162912 NaN NaN -813.7444830553638 -814.4537210501849 NaN -808.4609518771268 NaN NaN NaN NaN -809.6501891767534 -813.4880013345509 NaN NaN NaN NaN NaN -814.6349121826522 -816.3462133202029 -810.8409727462636 -813.5409200717504 NaN
25.077937499999997 -795.3132966688223 NaN NaN -813.0429530363115 -805.3046456168181 -810.9031087568571 NaN NaN -812.7405938425693 -813.4959527813394 NaN -807.4728950789265 NaN NaN NaN NaN -808.7577683140667 -812.5475376925846 NaN NaN NaN NaN NaN -813.6995396246543 -815.3995275135471 -809.8995913215499 -812.5274358011125 NaN
25.33125 -794.2328854294752 NaN NaN -812.0388126318536 -804.4297580268455 -809.9784094094468 NaN NaN -811.738281255878 -812.5397442450118 NaN -806.4854704890473 NaN NaN NaN NaN -807.8586436690716 -811.6114218835171 NaN NaN NaN NaN NaN -812.7631590278552 -814.4633681253326 -808.9598916135179 -811.5122584187443 NaN
25.5845625 -793.1465078228177 NaN NaN -811.0274565540583 -803.5599219271777 -809.0459891856094 NaN NaN -810.7338856813819 -811.5853652627507 NaN -805.4755878974191 NaN NaN NaN NaN -806.9663477643778 -810.6677430990703 NaN NaN NaN NaN NaN -811.8320405366942 -813.5274362178968 -808.0197546199104 -810.4958686418458 NaN
25.837875 -792.0524278586716 NaN NaN -810.0258387253435 -802.6871141396193 -808.1149725368706 NaN NaN -809.7311890371101 -810.6324379118138 NaN -804.4681563886625 NaN NaN NaN NaN -806.0790149895103 -809.7202937232739 NaN NaN NaN NaN NaN -810.9042933770133 -812.5902518155347 -807.0801213887881 -809.478674694222 NaN
26.0911875 -790.9663307448395 NaN NaN -809.0426401550678 -801.80967322885 -807.1762217521539 NaN NaN -808.7396268813427 -809.6755411247708 NaN -803.4809503263948 NaN NaN NaN NaN -805.1940220111787 -808.7703100508668 NaN NaN NaN NaN NaN -809.9815024523301 -811.6506518626741 -806.1416378769608 -808.4654269643522 NaN
26.3445 -789.8896336847309 NaN NaN -808.0542786607602 -800.9385826577218 -806.2390051719412 NaN NaN -807.7492355440722 -808.7200362272017 NaN -802.4951877205456 NaN NaN NaN NaN -804.311072252865 -807.8195714363933 NaN NaN NaN NaN NaN -809.0621145604514 -810.7041185713801 -805.2044389343716 -807.4555954696361 NaN
26.5978125 -788.8095811744631 NaN NaN -807.0546733587021 -800.0760434512216 -805.3230616067633 NaN NaN -806.7438422804439 -807.7612590853012 NaN -801.5034361129566 NaN NaN NaN NaN -803.4221423240228 -806.8848335006976 NaN NaN NaN NaN NaN -808.1272863750112 -809.758921242711 -804.2671709330334 -806.4424715836774 NaN
26.851125 -787.7243954548678 NaN NaN -806.0584252157727 -799.2109626577596 -804.4085576365572 NaN NaN -805.7400025179452 -806.8037487130737 NaN -800.5132786380038 NaN NaN NaN NaN -802.5300627350886 -805.9617892982765 NaN NaN NaN NaN NaN -807.1854777246537 -808.8150899615205 -803.3304621971693 -805.427159129395 NaN
27.1044375 -786.6449530011745 NaN NaN -805.0681208387723 -798.34196916751 -803.4719230011211 NaN NaN -804.7426918709683 -805.8511596032192 NaN -799.5255084515287 NaN NaN NaN NaN -801.6424966136876 -805.0243677191223 NaN NaN NaN NaN NaN -806.2548862019512 -807.8770189119081 -802.3956515389883 -804.4192697442984 NaN
27.35775 -785.5718746509137 NaN NaN -804.0742249726784 -797.4739020230644 -802.5367380372963 NaN NaN -803.7469216408836 -804.8999797945346 NaN -798.5391694107609 NaN NaN NaN NaN -800.7576830788627 -804.0798807576921 NaN NaN NaN NaN NaN -805.3327869912505 -806.9492113451656 -801.4625533820041 -803.4177575335005 NaN
27.6110625 -784.4992277911035 NaN NaN -803.0708232117905 -796.606557930377 -801.6102488732965 NaN NaN -802.7435472773784 -803.9533018981813 NaN -797.5523318244987 NaN NaN NaN NaN -799.8709802625773 -803.1425207193112 NaN NaN NaN NaN NaN -804.4048226310704 -806.0192659102476 -800.5240898006261 -802.4094528654987 NaN
27.864375 -783.426624821494 NaN NaN -802.071037047867 -795.7346109080447 -800.6855509607522 NaN NaN -801.741666560506 -803.0080365832865 NaN -796.567009650429 NaN NaN NaN NaN -798.9830150795185 -802.2096370968618 NaN NaN NaN NaN NaN -803.4752226188085 -805.083684780948 -799.5825571048225 -801.3968913568438 NaN
28.1176875 -782.3555536006008 NaN NaN -801.0769936472482 -794.8589516003367 -799.758784451253 NaN NaN -800.7614204074418 -802.056218571198 NaN -795.5770901740766 NaN NaN NaN NaN -798.0974675182546 -801.2723789004024 NaN NaN NaN NaN NaN -802.5489022621034 -804.1484555276578 -798.6490954767337 -800.389834492825 NaN
28.371 -781.2858259603806 NaN NaN -800.0865301210891 -793.987177658342 -798.8333552697447 NaN NaN -799.7835503318379 -801.1057569710856 NaN -794.5885305099318 NaN NaN NaN NaN -797.2140461223169 -800.3325455999375 NaN NaN NaN NaN NaN -801.625475311728 -803.2128026725993 -797.7219668330551 -799.3876374614981 NaN
28.6243125 -780.208960989167 NaN NaN -799.102384322538 -793.1213279307846 -797.9066798430234 NaN NaN -798.794323123868 -800.1546943221454 NaN -793.5999299339296 NaN NaN NaN NaN -796.3338849260116 -799.393922138826 NaN NaN NaN NaN -796.06689074578 -800.7048802930185 -802.2759333585675 -796.7925673380511 -798.3864791134502 NaN
28.877625 -779.1250573543066 NaN NaN -798.1176540889544 -792.2575404937336 -796.9814726775296 NaN NaN -797.8058764497442 -799.2049379093357 NaN -792.612716204085 NaN NaN NaN NaN -795.4561592980012 -798.4565401346713 NaN NaN NaN NaN -795.1229211218609 -799.786733809364 -801.3363409941758 -795.8620163585565 -797.3865415152658 NaN
29.130937499999998 -778.0509992303653 NaN NaN -797.1305934437257 -791.395932505252 -796.0587206967555 NaN NaN -796.8095132070669 -798.254938069 NaN -791.6270957298009 NaN NaN NaN NaN -794.5745865540246 -797.5243383841037 NaN NaN NaN NaN -794.1875449298788 -798.8651976380834 -800.3979162321225 -794.9293276107471 -796.3814715777371 NaN
29.384249999999998 -776.9888958020913 NaN NaN -796.1435211710307 -790.5316713921177 -795.1375229132458 NaN NaN -795.814574641375 -797.3059994761865 NaN -790.6429723331815 NaN NaN NaN NaN -793.6901902339109 -796.5957855854363 NaN NaN NaN NaN -793.2580293186033 -797.9405215866082 -799.460572699887 -793.9956514686683 -795.3737215799881 NaN
29.637562499999998 -775.928242968681 NaN NaN -795.1545260359294 -789.6656260110526 -794.2199636438814 NaN NaN -794.8231831040355 -796.3523223669805 NaN -789.6609701070922 NaN NaN NaN NaN -792.8043299770075 -795.6619927697622 NaN NaN NaN NaN -792.3192039018509 -797.021113118653 -798.5277589889884 -793.0615579421803 -794.3670621400669 NaN
29.890874999999998 -774.8686833259728 NaN NaN -794.1662946058458 -788.7942203145517 -793.3038100962067 NaN NaN -793.8332761365864 -795.3999814365571 NaN -788.6804398343136 NaN NaN NaN NaN -791.9178560728494 -794.7258051632027 NaN NaN NaN NaN -791.3749368534365 -796.105576655149 -797.602078103137 -792.1273839348557 -793.3615702553498 NaN
30.144187499999997 -773.8106872770354 NaN NaN -793.1781283259293 -787.9178985397859 -792.3865006175467 NaN NaN -792.8436807537946 -794.4597630275791 NaN -787.6931525844834 NaN NaN NaN NaN -791.0384943287725 -793.7879569700929 NaN NaN NaN NaN -790.4320502675054 -795.1789468338324 -796.6776218580417 -791.1984928387757 -792.3586186078833 NaN
30.397499999999997 -772.7543896728164 NaN NaN -792.1939250230074 -787.0521846891986 -791.4710177248528 NaN NaN -791.8555212563894 -793.5207580172366 NaN -786.7072153669985 NaN NaN NaN NaN -790.1655684561558 -792.8490469898196 NaN NaN NaN NaN -789.4904561682603 -794.262012078206 -795.7543888637101 -790.265989111185 -791.357899207956 NaN
30.650812499999997 -771.6855285391549 NaN NaN -791.2161478913544 -786.195050045405 -790.5625593550487 NaN NaN -790.8754125716921 -792.5761514266069 NaN -785.7349954627391 NaN NaN NaN NaN -789.2861128800641 -791.9129985829813 NaN NaN NaN NaN -788.555736232494 -793.3420229075084 -794.8276208493489 -789.3369572639797 -790.3645449381545 NaN
30.904125 -770.6056823972207 NaN NaN -790.2348507794388 -785.3303587235916 -789.6546449070487 NaN NaN -789.8963720623069 -791.6326027526424 NaN -784.7644109169132 NaN NaN NaN NaN -788.4014274001449 -790.9795734681879 NaN NaN NaN NaN -787.6273054204137 -792.4200749164663 -793.896258996929 -788.4110011933554 -789.3766196467536 NaN
31.1574375 -769.5390891294378 NaN NaN -789.2450636650838 -784.4594209345057 -788.7204133876309 NaN NaN -788.9049762306179 -790.6812057839754 NaN -783.785938721164 NaN NaN NaN NaN -787.5210452585561 -790.0506657803752 NaN NaN NaN NaN -786.6976630884301 -791.4988057815887 -792.9641155172142 -787.4830314702923 -788.380228073226 NaN
31.41075 -768.4857853235129 NaN NaN -788.2602158291878 -783.593827554098 -787.7875190627611 NaN NaN -787.9150007975123 -789.7311280631736 NaN -782.8087351667741 NaN NaN NaN -787.457839277432 -786.6442150614421 -789.1258096404351 NaN NaN NaN NaN -785.767150589299 -790.5785145651739 -792.030753839957 -786.5539068038258 -787.3799000406914 NaN
31.6640625 -767.4361886182223 NaN NaN -787.2852569782307 -782.7357433077512 -786.8682747018545 NaN NaN -786.9335508845788 -788.7905492154505 NaN -781.8250513704163 NaN NaN NaN -786.4696240458841 -785.7667379976602 -788.1997789873899 NaN NaN NaN NaN -784.8338344988338 -789.6622505191135 -791.1001575326176 -785.6269323457016 -786.3865034132309 NaN
31.917375 -766.3904162531271 NaN NaN -786.308040392194 -781.879528377549 -785.9508025097139 NaN NaN -785.9534618323 -787.8512308104389 NaN -780.8427411286785 NaN NaN NaN -785.4822506604878 -784.8887632501434 -787.2728972189693 NaN NaN NaN NaN -783.8986374968663 -788.7490321467511 -790.1736482740828 -784.7018595541044 -785.3980671220527 NaN
32.1706875 -765.3407482508458 NaN NaN -785.3236965807816 -781.0250526220753 -785.0502318032339 NaN NaN -784.9714197654303 -786.9118024086717 NaN -779.8648128625917 NaN NaN NaN -784.4915362552349 -784.0115344107477 -786.348917603362 NaN NaN NaN NaN -782.9669174905075 -787.8304149938848 -789.2467372643337 -783.7746883418156 -784.402031120008 NaN
32.424 -764.287960656776 NaN NaN -784.3421773061625 -780.1649173594891 -784.1518608836186 NaN NaN -783.9909154479307 -785.9734513086848 NaN -778.8884371314934 NaN NaN NaN -783.5027714494956 -783.1350879578126 -785.4274755461663 NaN NaN NaN NaN -782.038276631426 -786.9079223020374 -788.3193378432022 -782.8468220265149 -783.4015048935353 NaN
32.6773125 -763.234015300105 NaN NaN -783.3662977080546 -779.3003275852659 -783.2325748868795 NaN NaN -783.0147473767705 -785.0268372041179 NaN -777.9203937937425 NaN NaN NaN -782.5221220061123 -782.2596127206172 -784.5020954416173 NaN NaN NaN NaN -781.1087283157462 -785.9940720260205 -787.3956951638223 -781.9150042682642 -782.4130646120193 NaN
32.930625 -762.1790902793805 NaN NaN -782.3886084200342 -778.4396324886706 -782.3144402073872 NaN NaN -782.0399412547632 -784.0814774125564 NaN -776.9531593577232 NaN NaN NaN -781.5425765559447 -781.3851287810476 -783.5734832894024 NaN NaN NaN NaN -780.178543007715 -785.0863787854171 -786.476277301484 -780.9815151960449 -781.4329351665289 NaN
33.1839375 -761.1246019266024 NaN NaN -781.4047608063044 -777.5825164137661 -781.4096211881233 NaN NaN -781.0556447324861 -783.152497727029 NaN -775.9748214677734 NaN NaN NaN -780.5583803683268 -780.5113864139428 -782.6414852872302 NaN NaN NaN NaN -779.2521876285472 -784.1752233523589 -785.5515975323367 -780.0588149820005 -780.4454480156007 NaN
33.43725 -760.0706829330306 NaN NaN -780.424278245118 -776.7214801896059 -780.5054671382908 NaN NaN -780.0726823632059 -782.2248996245662 NaN -774.9978173703906 NaN NaN NaN -779.575721729785 -779.6383454054388 -781.7072371717957 NaN NaN NaN NaN -778.3293120137006 -783.2619927944404 -784.6218921125256 -779.1440301454636 -779.4547490115162 NaN
33.6905625 -759.0250503463051 NaN NaN -779.4504368447228 -775.8571063026288 -779.595680110428 NaN NaN -779.0876473753178 -781.2857759221421 NaN -774.0352873955725 NaN NaN NaN -778.5941761725312 -778.7654920366728 -780.7802734657657 NaN NaN NaN NaN -777.3998485255463 -782.3469798031181 -783.7025198872306 -778.2233617060936 -778.4738645059047 NaN
33.943875 -757.9875208967294 NaN NaN -778.4754166755472 -774.9956107822749 -778.6865575905049 NaN NaN -778.1040490342543 -780.3477001541 NaN -773.0748535410742 NaN NaN NaN -777.6138832371606 -777.8929183026346 -779.8614899493159 NaN NaN NaN NaN -776.4640720097742 -781.4312331098856 -782.7937546348329 -777.2995062886446 -777.5002701922577 NaN
34.1971875 -756.9447245274605 NaN NaN -777.494433237772 -774.1374147179033 -777.769792738151 NaN NaN -777.1309316542894 -779.4054216476255 NaN -772.0905204749288 NaN NaN NaN -776.6325642571709 -777.022060912781 -778.9393839654115 NaN NaN NaN NaN -775.5366240754654 -780.5238290712477 -781.8720636899891 -776.3728575030589 -776.5189116013371 NaN
34.4505 -755.8988023205883 NaN NaN -776.5144712750948 -773.2823220384678 -776.8542848734653 NaN NaN -776.1591755178493 -778.4643660456015 NaN -771.1069681487826 NaN NaN NaN -775.6527642289784 -776.1528879014056 -778.0138515825097 NaN NaN NaN NaN -774.6182825853364 -779.6214520312061 -780.9386573494612 -775.4448577761257 -775.5336607889614 NaN
34.7038125 -754.8550323246222 NaN NaN -775.5349864899846 -772.430462620763 -775.9475515724737 NaN NaN -775.1873897490921 -777.5201681524643 NaN -770.1401835036811 NaN NaN NaN -774.6746413650521 -775.2827237802983 -777.0915918197181 NaN NaN NaN NaN -773.6948464693738 -778.7071021557415 -780.0107594785225 -774.5240863247484 -774.5558009527354 NaN
34.957125 -753.8134829005908 NaN NaN -774.5606091975114 -771.5762087377634 -775.0423534011563 NaN NaN -774.2169429685114 -776.5771535027678 NaN -769.1755459689348 NaN NaN NaN -773.6977571837776 -774.4116138188119 -776.1725247800811 NaN NaN NaN NaN -772.7674461163581 -777.7870861554687 -779.0891682780602 -773.6087380685402 -773.5824337968828 NaN
35.2104375 -752.7757283811718 NaN NaN -773.5987158607592 -770.7201749314365 -774.1338645003043 NaN NaN -773.2350689976131 -775.6527543496843 NaN -768.2042038907697 NaN NaN NaN -772.7162933159929 -773.537682464605 -775.253164050754 NaN NaN NaN NaN -771.8443981382791 -776.879970554599 -778.1677662284719 -772.6893554027943 -772.606107911676 NaN
35.46375 -751.7413212121633 NaN NaN -772.6333948308479 -769.8669076396657 -773.2264840159123 NaN NaN -772.2544223720759 -774.7301664364995 NaN -767.234346332687 NaN NaN NaN -771.7369002382823 -772.6608808583943 -774.3333714021865 NaN NaN NaN NaN -770.9253945338183 -775.9799501240349 -777.2464442234593 -771.7683322035311 -771.6287430308321 NaN
35.7170625 -750.7064167152114 NaN NaN -771.6562638002417 -769.016171230713 -772.3180825124001 NaN NaN -771.2874180830905 -773.791076542574 NaN -766.2755906750017 NaN NaN NaN -770.7692453882361 -771.7903916853143 -773.4106886133133 NaN NaN NaN NaN -770.005235325566 -775.0689398675729 -776.3286772815663 -770.8541471821592 -770.6493013074928 NaN
35.970375 -749.6721301985564 NaN NaN -770.6804533360435 -768.1631810358892 -771.4109048529444 NaN NaN -770.3215885874977 -772.8531535155315 NaN -765.3172662598585 NaN NaN NaN -769.8022482871647 -770.9270241256859 -772.4857735753187 NaN NaN NaN NaN -769.0844594752127 -774.1524623380213 -775.4142976800379 -769.9439213841733 -769.6693533288658 NaN
36.2236875 -748.633891070329 NaN NaN -769.7060057385779 -767.3093027101743 -770.5036415030505 NaN NaN -769.3497967864071 -771.9170374344059 NaN -764.3389688367736 NaN NaN NaN -768.8222790225007 -770.0594806370959 -771.5679542636905 NaN NaN NaN NaN -768.1635374821848 -773.2449204824018 -774.4985940809903 -769.0255758759197 -768.6977351006376 NaN
36.477 -747.5939369675466 NaN NaN -768.7338805797103 -766.4477942465795 -769.5977092186525 NaN NaN -768.3793147656877 -770.982141585487 NaN -763.3619709164402 NaN NaN NaN -767.8439485773354 -769.1879888887499 -770.657780111793 NaN NaN NaN NaN -767.2425315166311 -772.3424326988356 -773.5817025351026 -768.1048723185982 -767.7317337112547 NaN
36.7303125 -746.5641228436417 NaN NaN -767.767454534492 -765.5825237399058 -768.7028767612042 NaN NaN -767.4061569254749 -770.0559663632918 NaN -762.398702385275 NaN NaN NaN -766.8694885574187 -768.3185812264361 -769.7404402910197 NaN NaN NaN NaN -766.3163840678217 -771.4322317044287 -772.6631650566912 -767.185172395147 -766.7592639178055 NaN
36.983624999999996 -745.5420290321357 NaN NaN -766.8009039970395 -764.7331123223142 -767.8090810498846 NaN NaN -766.4342962614124 -769.1310203768629 NaN -761.4376361857151 NaN NaN NaN -765.8966680567405 -767.4511621759164 -768.8166373310837 NaN NaN NaN NaN -765.3849916858235 -770.5193567840803 -771.7424620243485 -766.2665533153602 -765.7845025698163 NaN
37.236937499999996 -744.513350873149 NaN NaN -765.8307451603713 -763.8921347373516 -766.8995196741107 NaN NaN -765.4628930476607 -768.2013412041122 NaN -760.4803156518524 NaN NaN NaN -764.9278839146982 -766.5853187257444 -767.8980124566037 NaN NaN NaN NaN -764.4616726579882 -769.616731052985 -770.8267614921206 -765.3442203302629 -764.8081663072442 NaN
37.490249999999996 -743.4813944623872 NaN NaN -764.8632584339615 -763.0441341256236 -765.9912632646502 NaN NaN -764.4927645253131 -767.2728574964952 NaN -759.5241220890001 NaN NaN NaN -763.9592871085954 -765.7212157617502 -766.9850373722393 NaN NaN NaN NaN -763.5465792508555 -768.7198888921337 -769.9157325870403 -764.42077971704 -763.8320662432673 NaN
37.743562499999996 -742.4494855491614 NaN NaN -763.9014265802452 -762.1934435428416 -765.0947743470041 NaN NaN -763.519514191757 -766.3375120324647 NaN -758.5598982235748 NaN NaN NaN -762.9808223119217 -764.8537509946852 -766.0717804598488 NaN NaN NaN NaN -762.6283482786656 -767.8233911804233 -769.0008072020582 -763.5079257287911 -762.8559634041112 NaN
37.996874999999996 -741.4187827910018 NaN NaN -762.9385655825525 -761.3336415378362 -764.1994666866556 NaN NaN -762.5473130417304 -765.4032178070813 NaN -757.5968626717865 NaN NaN NaN -762.0044631146055 -763.9818757684974 -765.1579684625885 NaN NaN NaN NaN -761.7058506973931 -766.9275159594271 -768.083245255189 -762.6011236598374 -761.8804751125086 NaN
38.250187499999996 -740.3998704743815 NaN NaN -761.9700022302827 -760.468509759377 -763.308495682256 NaN NaN -761.5832065523077 -764.4769258881861 NaN -756.632233716749 NaN NaN NaN -761.0384553898787 -763.113105157797 -764.2421194699112 NaN NaN NaN NaN -760.7914003183694 -766.0239374620417 -767.1667227881715 -761.6859820836974 -760.9178930879373 NaN
38.503499999999995 -739.3875852591407 NaN NaN -761.003457266896 -759.6171100582735 -762.4188560398981 NaN NaN -760.6205250735493 -763.5517883188166 NaN -755.6691666175434 NaN NaN NaN -760.073606105576 -762.2480104203767 -763.3236731286935 NaN NaN NaN NaN -759.8874433304577 -765.1170835179263 -766.2512429275755 -760.7673538160922 -759.9626665101814 NaN
38.756812499999995 -738.3656627279711 NaN NaN -760.0403252960292 -758.7784351181015 -761.515907676613 NaN NaN -759.6510981268791 -762.626937445597 NaN -754.7149827662572 NaN NaN NaN -759.1081038327882 -761.3825918155632 -762.4080224940435 NaN NaN NaN NaN -758.971673994677 -764.2134542035143 -765.3433163447921 -759.8544213530165 -758.9973505256343 NaN
39.010124999999995 -737.339671524393 NaN NaN -759.0790022911649 -757.9300584018397 -760.614401768323 NaN NaN -758.6828226791267 -761.7031950236333 NaN -753.7614017091071 NaN NaN NaN -758.1425364138292 -760.5163875902551 -761.49548669269 NaN NaN NaN NaN -758.0398295046492 -763.3121778859093 -764.4425450983883 -758.9445826973543 -758.0286806912892 NaN
39.2634375 -736.3182915844424 NaN NaN -758.1206019993718 -757.0781542458346 -759.7220572170878 NaN NaN -757.7270256870027 -760.770711441979 NaN -752.7939011170774 NaN NaN NaN -757.1666256337976 -759.6544270629666 -760.5820974129678 NaN NaN NaN NaN -757.1171109643788 -762.4127833669781 -763.5345752760579 -758.033981229354 -757.0595659418593 NaN
39.51675 -735.3005124268171 NaN NaN -757.1613777265212 -756.2320984450264 -758.8296053835986 NaN NaN -756.7727157885424 -759.8396309759378 NaN -751.8275742344064 NaN NaN NaN -756.1930640511208 -758.7979757795518 -759.6673342898902 NaN NaN NaN NaN -756.2080739856069 -761.5149113775373 -762.6221018518431 -757.123731923157 -756.0909385568816 NaN
39.7700625 -734.2800639733638 NaN NaN -756.1973337669416 -755.3900243086468 -757.9211402184592 NaN NaN -755.8077489128829 -758.9229157121276 NaN -750.8637979028849 NaN NaN NaN -755.2345147402079 -757.9396186830745 -758.7545401660099 NaN NaN NaN NaN -755.2953054338285 -760.6148014809692 -761.7111303710169 -756.2103771787702 -755.1276519691455 NaN
40.023375 -733.2588533370678 NaN NaN -755.2329821012938 -754.5411760732745 -757.0138085420498 NaN NaN -754.8436666564387 -758.007033713619 NaN -749.901489803277 NaN NaN NaN -754.273005589828 -757.0786200250961 -757.844021561772 NaN NaN NaN NaN -754.3762789382574 -759.7146702092925 -760.8016143117554 -755.296156939222 -754.167357265472 NaN
40.2766875 -732.2434221421029 NaN NaN -754.2650677544514 -753.6862273265076 -756.1211186905646 NaN NaN -753.8709958306283 -757.0804625263694 NaN -748.9434857445106 NaN NaN NaN -753.3056571646582 -756.2160321647812 -756.9357590461391 NaN NaN NaN NaN -753.462717242258 -758.8192236223621 -759.8907773584169 -754.3791091675857 -753.1969098091192 NaN
40.53 -731.232365438237 NaN NaN -753.2993371348409 -752.8416751192038 -755.2296933106534 NaN NaN -752.8995411687362 -756.1550222265985 NaN -747.9866209027142 NaN NaN NaN -752.3394746424335 -755.351045444007 -756.030310547954 NaN NaN NaN NaN -752.5555795009211 -757.9263186075403 -758.9792027162708 -753.4615645356596 -752.2234512826456 NaN
40.7833125 -730.2242009248484 NaN NaN -752.3385138115685 -752.0044385422661 -754.3449059195732 NaN NaN -751.9445474774377 -755.2243536660603 NaN -747.0426785995335 NaN NaN NaN -751.3719279719176 -754.486837514275 -755.124508137196 NaN NaN NaN NaN -751.6457534824495 -757.0288334333311 -758.0712917919395 -752.5528670850925 -751.2573068967696 NaN
41.036625 -729.2184496312325 NaN NaN -751.3795535798293 -751.1644421348045 -753.4587286378369 NaN NaN -750.9913138148128 -754.2946947970142 NaN -746.0988155245419 NaN NaN NaN -750.4062557101395 -753.6233229695415 -754.2178380504225 NaN NaN NaN NaN -750.7316151152771 -756.1300431940081 -757.1658762295034 -751.648288802576 -750.2949899603059 NaN
41.2899375 -728.2090704054053 NaN NaN -750.4243462673652 -750.3230497592615 -752.55285495625 NaN NaN -750.0295349588905 -753.366115780804 NaN -745.1382227261369 NaN NaN NaN -749.4497126490949 -752.7631863782238 -753.3087677760304 NaN NaN NaN NaN -749.8193604185836 -755.2259641786663 -756.2610523289525 -750.7448790218626 -749.33603122578 NaN
41.54325 -727.1984348598813 NaN NaN -749.469687074876 -749.4791218307925 -751.6488214806513 NaN NaN -749.0689432292531 -752.4386295088212 NaN -744.1788014870128 NaN NaN NaN -748.4932815221948 -751.9084022104626 -752.3955011747561 NaN NaN NaN NaN -748.909353332944 -754.3212041312056 -755.3569654875052 -749.8425878840164 -748.3789485968763 NaN
41.7965625 -726.1894342543931 NaN NaN -748.5134239179856 -748.6345970404478 -750.7595772438415 NaN NaN -748.1083101291376 -751.5329751121797 NaN -743.2184000112945 NaN NaN NaN -747.5271338337647 -751.051758280584 -751.4824448970278 NaN NaN NaN NaN -748.0011135926377 -753.4296609739379 -754.4451622684575 -748.9316668634617 -747.4187704025372 NaN
42.049875 -725.1822808006857 NaN NaN -747.5570264899177 -747.7885644958864 -749.8714483543265 NaN NaN -747.1488811653282 -750.628686588396 NaN -742.2590784305795 NaN NaN NaN -746.5625252306583 -750.1924501461207 -750.5693734989876 NaN NaN NaN NaN -747.0952224630696 -752.5438575624855 -753.5297639142113 -748.0187455557844 -746.4585933998193 NaN
42.3031875 -724.1714644789154 NaN NaN -746.5970113409539 -746.942571967598 -748.9870173644507 NaN NaN -746.197319983911 -749.7079988840061 NaN -741.3132205055274 NaN NaN NaN -745.6021999573599 -749.3325014049191 -749.6627319243066 NaN NaN NaN NaN -746.188399311379 -751.651339594438 -752.6226131761617 -747.1181266514254 -745.4983852930573 NaN
42.5565 -723.1605403178808 NaN NaN -745.6385817277085 -746.1058187199426 -748.1038162407219 NaN NaN -745.2470026137646 -748.7883359099033 NaN -740.3686594014569 NaN NaN NaN -744.6426153505876 -748.4710835597318 -748.7648903427586 NaN NaN NaN NaN -745.2796866945254 -750.7575525119935 -751.7204865149707 -746.223530401934 -744.53900422165 NaN
42.8098125 -722.1541412415481 NaN NaN -744.682654164797 -745.2737248888224 -747.2055029612293 NaN NaN -744.2862957203447 -747.863641504094 NaN -739.415652702379 NaN NaN NaN -743.6814111623464 -747.6098749547757 -747.8632580056136 NaN NaN NaN NaN -744.3702311992215 -749.865626406523 -750.8180936325546 -745.3103107658613 -743.5816237177653 NaN
43.063125 -721.1508263061878 NaN NaN -743.7271062578546 -744.4244770218892 -746.3078815336208 NaN NaN -743.326907294499 -746.9400029106114 NaN -738.4637747482951 NaN NaN NaN -742.7224278914023 -746.7485536124602 -746.9557094880058 NaN NaN NaN NaN -743.4586739626044 -748.9750433718893 -749.9161849251021 -744.3920040702523 -742.6256787865059 NaN
43.3164375 -720.1465760320344 NaN NaN -742.7697814595363 -743.5723701275238 -745.4262710199273 NaN NaN -742.3745572466673 -746.0226139092146 NaN -737.5177378309535 NaN NaN NaN -741.7739553397803 -745.8887495920408 -746.0471103265827 NaN NaN NaN NaN -742.5516845456759 -748.0808044405567 -749.0073014712855 -743.4904766468435 -741.6631690268536 NaN
43.56975 -719.1433653761779 NaN NaN -741.8142831614716 -742.7286541805016 -744.5457567469024 NaN NaN -741.4233916552291 -745.1063074102603 NaN -736.5724500239972 NaN NaN NaN -740.8250496182864 -745.0308758992637 -745.1356949207649 NaN NaN NaN NaN -741.6510844423326 -747.1864730362933 -748.094820884686 -742.5952105013604 -740.6997623673765 NaN
43.8230625 -718.1380993438169 NaN NaN -740.8628392317687 -741.8899238988864 -743.6566788075372 NaN NaN -740.4698990352069 -744.1930820356476 NaN -735.6200302470166 NaN NaN NaN -739.866315085137 -744.1748605791138 -744.2290972242965 NaN NaN NaN NaN -740.7466897343634 -746.2950826305058 -747.1896358771537 -741.6917094515564 -739.7458077889573 NaN
44.076375 -717.1332675805139 NaN NaN -739.9116764180271 -741.047694948821 -742.7679301913982 NaN NaN -739.5174393137216 -743.2807762067422 NaN -734.6687850383262 NaN NaN NaN -738.9086592565259 -743.3214677876673 -743.3297772235074 NaN NaN NaN NaN -739.8343242065102 -745.4051871282053 -746.2888990595046 -740.7865739948779 -738.7949495488755 NaN
44.3296875 -716.1406773682249 NaN NaN -738.9579767953284 -740.2048382222846 -741.8734074743021 NaN NaN -738.5610761972868 -742.3620660526706 NaN -733.7164229497374 NaN NaN NaN -737.9499039272051 -742.4670448127436 -742.4330001835552 NaN NaN NaN NaN -738.9246972036873 -744.5128699531297 -745.3916301016716 -739.8836714434965 -737.8346719477838 NaN
44.583 -715.1542898027465 NaN NaN -738.0045837440705 -739.3661403933183 -740.9801466397014 NaN NaN -737.6058580482711 -741.4444026261626 NaN -732.7651461750775 NaN NaN NaN -736.9936825722709 -741.6107743455052 -741.5403958754987 NaN NaN NaN NaN -738.0194977808916 -743.620467662329 -744.496307475215 -738.9823174975168 -736.8733730300273 NaN
44.8363125 -714.1635313461893 NaN NaN -737.0483605820714 -738.5297110973172 -740.0994142456665 NaN NaN -736.6458815789265 -740.5281989370724 NaN -731.8128695968068 NaN NaN NaN -736.047898607091 -740.7580168275097 -740.6412165723682 NaN NaN NaN -737.3594950759019 -737.1170439419805 -742.7295507414284 -743.5987928665625 -738.0755674715892 -735.9225377466958 NaN
45.089625 -713.1726275265007 NaN NaN -736.0949717446997 -737.6917866447347 -739.2197690987846 NaN NaN -735.6870623182174 -739.6130328586012 NaN -730.8617204140008 NaN NaN NaN -735.101405634675 -739.9111637540487 -739.7293009346732 NaN NaN NaN -736.451813217496 -736.2190218861083 -741.8398015890003 -742.7008444136136 -737.1677508350626 -734.9761194475903 NaN
45.3429375 -712.1777745556344 NaN NaN -735.1502312742849 -736.8542158787357 -738.3409384751903 NaN NaN -734.743305427157 -738.7036604547475 NaN NaN NaN NaN NaN -734.1392231268651 -739.0617893426144 -738.8245687574467 NaN NaN NaN -735.5474919821942 -735.3201643223106 -740.9568584854414 -741.7993660762912 -736.2693469562728 -734.0178365704809 NaN
45.59625 -711.1836039336961 NaN NaN -734.2042408273597 -736.0160510968118 -737.4631724445968 NaN NaN -733.8011274210846 -737.795442528061 NaN NaN NaN NaN NaN -733.1787085982771 -738.2075717764927 -737.933312802446 NaN NaN NaN -734.648054019245 -734.4182366740165 -740.0764084374194 -740.8968968179543 -735.3748394110763 -733.058015561301 NaN
45.8495625 NaN NaN NaN -733.2459668782722 -735.1780940192677 -736.5802778688201 NaN NaN -732.8481330586053 -736.873608122935 NaN NaN NaN NaN NaN -732.2338765252898 -737.3533032662581 -737.036745100278 NaN NaN NaN -733.7464470453903 -733.5176801034116 -739.1943046961035 -739.994301655541 -734.4732766515854 -732.1120306656231 NaN
46.102875 NaN NaN NaN -732.2908186608925 -734.3414715098087 -735.6983295563384 NaN NaN -731.8961203224897 -735.952712501057 NaN NaN NaN NaN NaN -731.2895392536874 -736.4981744003534 -736.1292214381342 NaN NaN NaN -732.837288021038 -732.6188299518858 -738.3124564202994 -739.0920099376362 -733.570611965748 -731.1704320093465 NaN
46.3561875 NaN NaN NaN -731.3498054938825 -733.5058872691952 -734.8172935707612 NaN NaN -730.9447026944187 -735.0485454539532 NaN NaN NaN NaN NaN -730.3387047587255 -735.6449459525138 -735.2279200671056 NaN NaN NaN -731.9343745717287 -731.7195137909436 -737.4262707321584 -738.1939590308123 -732.6668871275645 -730.2187801917199 NaN
46.6095 NaN NaN NaN -730.4089987175743 -732.6696472295561 -733.9372844928864 NaN NaN -729.9944480142342 -734.145877445324 NaN NaN NaN NaN NaN -729.3889094942026 -734.7947505028792 -734.3365593196364 NaN NaN NaN -731.0410492416048 -730.8183679768501 -736.5403469007902 -737.2983692936662 -731.7636471453018 -729.2658163862629 NaN
46.8628125 NaN NaN NaN -729.4633413613751 -731.8336850313974 -733.0542825725986 NaN NaN -729.0441234499735 -733.2353717069481 NaN NaN NaN NaN NaN -728.4391054772148 -733.9453685172281 -733.4427420449588 NaN NaN NaN -730.1456513548991 -729.9182944414677 -735.6485105496387 -736.404530537212 -730.8699602060749 -728.3075518715234 NaN
47.116125 NaN NaN NaN NaN -731.0000356851594 -732.1722536501156 NaN NaN -728.0950941741913 -732.3256507560363 NaN NaN NaN NaN NaN -727.4896907496022 -733.0967446087755 -732.5439019878046 NaN NaN NaN -729.2431214655069 -729.0193346285014 -734.7557412169452 -735.5119406945347 -729.978965154002 -727.3489505212666 NaN
47.3694375 NaN NaN NaN NaN -730.1677549448673 -731.2967931609238 NaN NaN -727.1540296164529 -731.4141601115813 NaN NaN NaN NaN NaN -726.5354151103838 -732.2472228164875 -731.6488025805836 NaN NaN NaN -728.3434598046144 -728.1205320363305 -733.8748863875701 -734.6134748735714 -729.0769302198009 -726.403342825558 NaN
47.622749999999996 NaN NaN NaN NaN -729.331467529761 -730.4225358530482 NaN NaN -726.2140915517779 -730.5036602104184 NaN NaN NaN NaN NaN -725.5830248343457 -731.394615374335 -730.7602749228424 NaN NaN NaN -727.4491980438221 -727.2206173333021 -732.9977150333632 -733.7142468920065 -728.1725424923926 -725.4638746485256 NaN
47.876062499999996 NaN NaN NaN NaN -728.4950519454806 -729.5375817424656 NaN NaN -725.2702953877224 -729.5937709135618 NaN NaN NaN NaN NaN -724.6380361155707 -730.5446856767546 -729.8652168696723 NaN NaN NaN -726.5541510929672 -726.3210048055589 -732.1048037371676 -732.8180172800431 -727.2727576304533 -724.5147531250873 NaN
48.129374999999996 NaN NaN NaN NaN -727.6586697310508 -728.6538526177626 NaN NaN -724.3274577068918 -728.6848721593932 NaN NaN NaN NaN NaN -723.6941127066748 -729.6996700087664 -728.9561748879371 NaN NaN NaN -725.65633037644 -725.4210595081544 -731.2107974420107 -731.9232489877859 -726.3749775794661 -723.5649670293292 NaN
48.382687499999996 NaN NaN NaN NaN -726.82281845341 -727.7876847664663 NaN NaN -723.3826652638211 -727.7704635858094 NaN NaN NaN NaN NaN -722.7436294127513 -728.8519404991362 -728.0533736044175 NaN NaN NaN -724.7589010092216 -724.5223704379064 -730.3393328134898 -731.0275328375875 -725.4807406689591 -722.6262071420429 NaN
48.635999999999996 NaN NaN NaN NaN -725.992255320017 -726.9217791767549 NaN NaN -722.4390302556144 -726.8569900605186 NaN NaN NaN NaN NaN -721.7947202729744 -727.9976901752779 -727.16383905588 NaN NaN NaN -723.860821596707 -723.6252513817304 -729.4737470968826 -730.1319954694575 -724.5881597891164 -721.6907317850502 NaN
48.889312499999996 NaN NaN NaN NaN -725.1635113415152 -726.0341509487055 NaN NaN -721.4913989105767 -725.9563073147681 NaN NaN NaN NaN NaN -720.8542994976954 -727.1447006080396 -726.2724562169396 NaN NaN NaN -722.9656620935494 -722.728782904656 -728.5891237565734 -729.2388518032924 -723.6937585016116 -720.7466525400755 NaN
49.142624999999995 NaN NaN NaN NaN -724.3413271438983 -725.1475608859745 NaN NaN -720.5446552936739 -725.0566484054452 NaN NaN NaN NaN NaN -719.9143724136468 -726.2934596926218 -725.3763936860864 NaN NaN NaN -722.07682243897 -721.8321608172535 -727.7036396294211 -728.3471837643538 -722.7995790222278 -719.8020536998573 NaN
49.395937499999995 NaN NaN NaN NaN -723.5213351419447 -724.2581028489412 NaN NaN -719.6069172801322 -724.1521412786284 NaN NaN NaN NaN NaN -718.9679195928579 -725.4457100816412 -724.4835059017789 NaN NaN NaN -721.1880818944329 -720.9359792363449 -726.8170192201015 -727.4560579330165 -721.9085764118634 -718.852663522758 NaN
49.649249999999995 NaN NaN NaN NaN -722.6865894525206 -723.3696017823685 NaN NaN -718.6704272637046 -723.2485596448169 NaN NaN NaN NaN NaN -718.0225697454833 -724.6048254763182 -723.5972462067081 NaN NaN NaN -720.2978956981015 -720.0392185981163 -725.9309607085311 -726.5657290767037 -721.0190531388104 -717.9031970706549 NaN
49.902562499999995 NaN NaN NaN NaN -721.8504016672101 -722.5180646503912 NaN NaN -717.7259046035331 -722.3425567496103 NaN NaN NaN NaN NaN -717.0848186214066 -723.7623017309019 -722.7102031320993 NaN NaN NaN -719.4034836132037 -719.1444640871355 -725.049525780802 -725.6783971821288 -720.1217051581208 -716.9689727547978 NaN
50.155874999999995 NaN NaN NaN NaN -721.0125469187932 -721.6643026990411 NaN NaN -716.7825160345446 -721.4373010684573 NaN NaN NaN NaN NaN -716.1474643994018 -722.9139660692035 -721.8206006993703 NaN NaN NaN -718.4979029951677 -718.2532068541786 -724.1699476470621 -724.7925094514163 -719.2235829401013 -716.0374566213868 NaN
50.4091875 NaN NaN NaN NaN -720.174957393174 -720.7859002870614 NaN NaN -715.8505418066879 -720.5276680081005 NaN NaN NaN NaN NaN -715.2033376520313 -722.0662533209966 -720.9299930117031 NaN NaN NaN -717.5965486241328 -717.3646189288261 -723.2993987647376 -723.9019690649567 -718.3337603653077 -715.0940967200333 NaN
50.6625 NaN NaN NaN NaN -719.343369130724 -719.9084508693965 NaN NaN -714.9196609639619 -719.6190066005979 NaN NaN NaN NaN NaN -714.2604194902336 -721.2187912748404 -720.0356681478759 NaN NaN NaN -716.7073843724045 -716.4815359696622 -722.4312671638471 -723.0107831144046 -717.4462939994312 -714.1508052861926 NaN
50.9158125 NaN NaN NaN NaN -718.5151773332434 -719.0346805474557 NaN NaN -713.972066141286 -718.7187502016353 NaN NaN NaN NaN NaN -713.319943719182 -720.3734448922539 -719.1443449277809 NaN NaN NaN -715.8183189669163 -715.5926768863992 -721.5467692793377 -722.1128017122161 -716.5548049348777 -713.211794758522 NaN
51.169125 NaN NaN NaN NaN -717.6800494638293 -718.160986119882 NaN NaN -713.0256226937231 -717.8197517717988 NaN NaN NaN NaN NaN -712.3815968531774 -719.5329172269442 -718.2598727401439 NaN NaN NaN -714.9275434607379 -714.6900653913863 -720.6606781610247 -721.2141473587193 -715.6635602534783 -712.2743853854045 NaN
51.4224375 NaN NaN NaN NaN -716.8448706653645 -717.2795885370215 NaN NaN -712.0874891818737 -716.9211817711937 NaN NaN NaN NaN NaN -711.452005247706 -718.6925718873932 -717.3732451382059 NaN NaN NaN -714.0388233814062 -713.7919773413238 -719.7845040865445 -720.3195713076716 -714.773981809761 -711.3403260511986 NaN
51.67575 NaN NaN NaN NaN -716.0162250682886 -716.3994170713329 NaN NaN -711.1501191984939 -716.023575314105 NaN NaN NaN NaN NaN -710.5228339242958 -717.8513787869608 -716.478587516332 NaN NaN NaN -713.1538951908894 -712.9056606807585 -718.9103698639781 -719.4267353068418 -713.8854493976294 -710.4077125037222 NaN
51.9290625 NaN NaN NaN NaN -715.1897806992336 -715.5358339496929 NaN NaN -710.202287650372 -715.1263331590601 NaN NaN NaN NaN NaN -709.5794227368362 -717.0111339652074 -715.5857498221403 NaN NaN NaN -712.2659042247324 -712.0165503183067 -718.0291835767122 -718.544528662757 -712.9932512861809 -709.4626559342853 NaN
52.182375 NaN NaN NaN NaN -714.3618686321884 -714.673221484529 NaN NaN -709.2557988764617 -714.2296237023704 NaN NaN NaN NaN NaN -708.6368731239578 -716.1719829293497 -714.6964985931543 NaN NaN NaN -711.3687721215023 -711.1208164356487 -717.1479275377878 -717.6659734860756 -712.1015028154916 -708.517647368026 NaN
52.4356875 NaN NaN NaN NaN -713.5344473827429 -713.8000320638537 NaN NaN -708.320061622218 -713.3223631703327 NaN NaN NaN NaN NaN -707.6931265149278 -715.3317606717278 -713.8068502094371 NaN NaN NaN -710.4734445057846 -710.2292424722402 -716.2806347067823 -716.7782626600792 -711.2104081014822 -707.5794079591753 NaN
52.689 NaN NaN NaN NaN -712.7157699250824 -712.9280174677847 NaN NaN -707.3850358117695 -712.416027792757 NaN NaN NaN NaN NaN -706.7506038679633 -714.4866658079949 -712.9139897918442 NaN NaN NaN -709.5823853993343 -709.3478014871539 -715.4166582197297 -715.8892522109227 -710.3201760520019 -706.6429096797849 NaN
52.9423125 NaN NaN NaN NaN -711.9000860657037 -712.0599340539383 NaN NaN -706.4398785916908 -711.5131487583221 NaN NaN NaN NaN NaN -705.8169487556927 -713.6424547442176 -712.023486575222 NaN NaN NaN -708.696541687618 -708.4626415935822 -714.5382206651029 -715.0067755111608 -709.4323399154275 -705.7049979208133 NaN
53.195625 NaN NaN NaN NaN -711.0717104356364 -711.1927671367737 NaN NaN NaN -710.6112837130229 NaN NaN NaN NaN NaN -704.8841847401659 -712.7992324097658 -711.1385450559812 NaN NaN NaN -707.8261190868473 -707.5649461650349 -713.6587931736917 -714.125784257708 -708.5456828587849 -704.7678062862932 NaN
53.4489375 NaN NaN NaN NaN -710.2420523250054 -710.3263738975467 NaN NaN NaN -709.7184968294447 NaN NaN NaN NaN NaN -703.9460562573639 -711.9586472375797 -710.2547704186323 NaN NaN NaN -706.946848264881 -706.6716669853308 -712.7930009442589 -713.2391271867716 -707.6601600018427 -703.8336147818623 NaN
53.70225 NaN NaN NaN NaN -709.4164761826017 -709.4609135655535 NaN NaN NaN -708.8264660593842 NaN NaN NaN NaN NaN -703.0088101814031 -711.1238087835812 -709.3729406954544 NaN NaN NaN -706.0482873102696 -705.7922566779188 -711.9289663070565 -712.3524122774752 -706.7755862698266 -702.90072499587 NaN
53.9555625 NaN NaN NaN NaN -708.592344671026 -708.5884828729556 -703.7613198016832 NaN NaN -707.9250865668904 NaN NaN NaN NaN NaN -702.0708262574367 -710.2871402637206 -708.4914100948403 NaN NaN NaN -705.1536712742077 -704.9102904282088 -711.0568637962887 -711.4569882130291 -705.8880247608341 -701.9695373623681 NaN
54.208875 NaN NaN NaN NaN -707.7667145962432 -707.717060639628 -702.8925412444712 NaN NaN -707.0246066769794 NaN NaN NaN NaN NaN -701.1339986754348 -709.4439891416814 -707.6075845922005 NaN NaN NaN -704.2683497342196 -704.018345020459 -710.1846238849939 -710.5611617842033 -705.0009189536729 -701.0394767334813 NaN
54.4621875 NaN NaN NaN NaN -706.9416450142369 -706.8577736340962 -702.0199704522021 NaN NaN -706.1277321548492 NaN NaN NaN NaN NaN -700.2004347362008 -708.601122467964 -706.7238437477387 NaN NaN NaN -703.3813951703091 -703.1280966860124 -709.3083374284031 -709.6900705478338 -704.115339924924 -700.1048089988567 NaN
54.7155 NaN NaN NaN NaN -706.1162430043056 -705.9994137404444 -701.1323828639953 NaN NaN -705.2319087745141 NaN NaN NaN NaN NaN -699.2683191398908 -707.7576361092079 -705.8383696240692 NaN NaN NaN -702.4866284776849 -702.2421574947224 -708.4323168014357 -708.8236145615474 -703.230765817338 -699.1706738985152 NaN
54.9688125 NaN NaN NaN NaN -705.2915749988701 -705.1299222081298 -700.2491838275444 NaN NaN -704.3413895933053 NaN NaN NaN NaN NaN -698.341078640982 -706.9170154384274 -704.955481638448 NaN NaN NaN -701.5965882979953 -701.3592069932072 -707.5628180037713 -707.9416387976648 -702.3443006098562 -698.2430168724427 NaN
55.222125 NaN NaN NaN NaN -704.4746024803991 -704.2609567648867 -699.3831975970345 NaN NaN -703.4518003565365 NaN NaN NaN NaN NaN -697.4144481447663 -706.084081281294 -704.0811566852308 NaN NaN NaN -700.7204296031792 -700.4847001106046 -706.695028195845 -707.0594490606918 -701.4584414186952 -697.3174754490476 NaN
55.4754375 NaN NaN NaN NaN -703.6500187716572 -703.4014347471991 -698.5160310865541 NaN NaN -702.554712814725 NaN NaN NaN NaN NaN -696.4818465167291 -705.247556019058 -703.2038247274866 NaN NaN NaN -699.8418346557453 -699.6082665479967 -705.8203487209341 -706.1638652874599 -700.5783228890026 -696.3863575306727 NaN
55.72875 NaN NaN NaN NaN -702.8299154281931 -702.5429536083594 -697.6368773103716 NaN NaN -701.6583965766937 NaN NaN NaN NaN NaN -695.5502901660146 -704.3966816466527 -702.3131901210337 NaN NaN NaN -698.952933159452 -698.723999780347 -704.9454347455222 -705.2676547609789 -699.6995141885134 -695.4556365368328 NaN
55.9820625 NaN NaN NaN NaN -702.0117479372464 -701.6742006378753 -696.7606098639646 NaN NaN -700.7575057089225 NaN NaN NaN NaN NaN -694.6207801592677 -703.5483194979213 -701.4258907061144 NaN NaN NaN -698.0664975975811 -697.8394144673173 -704.0880416223195 -704.3946770636733 -698.8152025936837 -694.5219038667453 NaN
56.235375 NaN NaN NaN NaN -701.1860154156162 -700.8065267072934 -695.8921826627048 NaN NaN -699.8575294556543 NaN NaN NaN NaN NaN -693.6914684839469 -702.7094509943917 -700.5511050125092 NaN NaN NaN -697.1873218825306 -696.9501005834676 -703.2336072854634 -703.5249959927705 -697.9312472930669 -693.5890162303147 NaN
56.4886875 NaN NaN NaN NaN -700.359035595874 -699.941571539057 -695.0240071153498 NaN NaN -698.9720365044155 NaN NaN NaN NaN NaN -692.7583462157174 -701.8728510319557 -699.67597116764 NaN NaN NaN -696.3066492447839 -696.0617745491402 -702.3648617672665 -702.6326220322321 -697.0523889543151 -692.6654051142643 NaN
56.742 NaN NaN NaN NaN -699.5401665101265 -699.0774893647801 -694.1544216285364 NaN NaN -698.0874192667454 NaN NaN NaN NaN NaN -691.826447561385 -701.0442326153095 -698.7966072225847 NaN NaN NaN -695.4151696626363 -695.1748417732307 -701.497024427852 -701.7385751854965 -696.174605814618 -691.7429834654668 NaN
56.9953125 NaN NaN NaN NaN -698.726502559786 -698.2174602461057 -693.2845497963852 NaN NaN -697.2025356646375 NaN NaN NaN NaN NaN -690.9023596157776 -700.2160501462328 -697.9168793458314 NaN -694.805508404314 NaN -694.5267605689418 -694.2905405980457 -700.6246840368601 -700.8624041490805 -695.2879743444486 -690.8065166728652 NaN
57.248625 NaN NaN NaN NaN -697.9067324109024 -697.3583426042554 -692.4107052397289 NaN NaN -696.3181219015754 NaN NaN NaN NaN NaN -689.9792945113625 -699.386536079218 -697.0334897102118 NaN -693.9782789529527 NaN -693.6497154524657 -693.4138737654415 -699.753151670901 -699.9889568969905 -694.4017710822436 -689.8712849005075 NaN
57.5019375 NaN NaN NaN NaN -697.0831044551059 -696.4943875394732 -691.5389858497758 NaN NaN -695.4184186437096 NaN NaN NaN NaN NaN -689.0580277060335 -698.5556458453602 -696.1519320408306 NaN -693.1531613392599 NaN -692.7728481034383 -692.5378625764906 -698.8855571375884 -699.1096272552976 -693.5220516777825 -688.9530337459199 NaN
57.75525 NaN NaN NaN NaN -696.2608533078602 -695.6312983037337 -690.6760314395101 NaN NaN -694.5197176891038 NaN NaN NaN NaN NaN -688.1377602543605 -697.7151072169996 -695.2753830327646 NaN -692.3354633861734 NaN -691.8941117669324 -691.6612152822187 -698.0188425419465 -698.2303003475736 -692.6434710852889 -688.0357854114958 NaN
58.0085625 NaN NaN NaN NaN -695.4402562916674 -694.7718782696641 -689.8107197115489 NaN NaN -693.6254479537329 NaN NaN NaN NaN NaN -687.2064541358627 -696.8755843249124 -694.3998215921666 NaN -691.5183009096443 NaN -691.016206961149 -690.7845685962079 -697.1615101960018 -697.3579745755184 -691.7649820831712 -687.1152279876078 NaN
58.261874999999996 NaN NaN NaN NaN -694.6216807403155 -693.9142515323338 -688.931145614356 NaN NaN -692.7320357739651 NaN NaN NaN NaN NaN -686.2763661255583 -696.0381702369897 -693.525575687765 NaN -690.6999388764822 NaN -690.1389957919299 -689.9051899271019 -696.3059122268222 -696.4867867585191 -690.8872406665595 -686.1954586658105 NaN
58.515187499999996 NaN NaN NaN NaN -693.8057547837077 -693.0623072024497 -688.0532686281632 NaN NaN -691.8455686324568 NaN NaN NaN NaN NaN -685.3540824574338 -695.2025786827153 -692.6505492599315 NaN -689.8828366694804 NaN -689.2616075717167 -689.0270349915357 -695.433661784513 -695.6109800760905 -690.0026259605349 -685.2672321624494 NaN
58.768499999999996 NaN NaN NaN NaN -692.9901711232567 -692.2090261047717 -687.1820224823139 NaN NaN -690.9601045658876 NaN NaN NaN NaN NaN -684.4324057583926 -694.3730930843539 -691.7647171929136 NaN -689.0700365235679 NaN -688.3774060897417 -688.1519439112243 -694.5622511023718 -694.7359916491764 -689.1188328626004 -684.3399899987221 NaN
59.021812499999996 NaN NaN NaN NaN -692.1744907110246 -691.3428528947277 -686.3123267854478 NaN NaN -690.074876687733 NaN NaN NaN NaN NaN -683.503354882882 -693.5439619939489 -690.8809368885163 NaN -688.2569249869699 NaN -687.4944991924791 -687.2757882421057 -693.7135934646387 -693.8522484181877 -688.2418354295025 -683.4116777094587 NaN
59.275124999999996 NaN NaN NaN NaN -691.3581667262426 -690.4783139218969 -685.4492724454888 NaN NaN -689.1905224432965 NaN NaN NaN NaN NaN -682.5752458400474 -692.7133500228745 -690.0090179689419 NaN -687.4397630563553 NaN -686.6152128058367 -686.3906165914412 -692.8653977013923 -692.96871483763 -687.3659278910586 -682.4842332443004 NaN
59.528437499999995 NaN NaN NaN NaN -690.5378493379758 -689.627399939324 -684.585743851617 NaN NaN -688.3045872968181 NaN NaN NaN NaN NaN -681.6536632688305 -691.8837796711019 -689.137714547081 NaN -686.6239060892451 NaN -685.7367746824905 -685.5078818101824 -691.9889413985601 -692.0965281656204 -686.4905156247314 -681.5627770691178 NaN
59.781749999999995 NaN NaN NaN NaN -689.7209049507836 -688.7773356333419 -683.7167979042252 NaN NaN -687.4191443917279 NaN NaN NaN NaN NaN -680.7330380480076 -691.0567886582708 -688.2657446335338 NaN -685.8132070845014 NaN -684.8592259374946 -684.6334727199592 -691.1133001315796 -691.2254012002494 -685.6159045869006 -680.6426444194469 NaN
60.035062499999995 NaN NaN NaN NaN -688.9138521692149 -687.9199349622361 -682.85461812756 NaN NaN -686.5198522224123 NaN NaN NaN NaN NaN -679.8097413189313 -690.2220447697579 -687.3869638341712 NaN -684.9958148174238 NaN -683.9719805816374 -683.7726256292904 -690.2537718530389 -690.3438151875137 -684.7459798856682 -679.7126131613768 NaN
60.288374999999995 NaN NaN NaN NaN -688.1063098144724 -687.0633794399605 -681.978950078828 NaN NaN -685.6221341738132 NaN NaN NaN NaN NaN -678.8875474942408 -689.3951226174132 -686.5103956983338 NaN -684.1785027784163 NaN -683.095607461241 -682.8979604035293 -689.3959436290713 -689.4630534507728 -683.8766027441573 -678.7837487245665 NaN
60.541687499999995 NaN NaN NaN NaN -687.2912886651412 -686.2135339113075 -681.110653072087 NaN NaN -684.7399369735973 NaN NaN NaN NaN NaN -677.9679489035375 -688.5664903646946 -685.6364754319997 NaN -683.3609919145704 NaN -682.220825274938 -682.0226160823821 -688.5309600199844 -688.5961451851629 -682.9970515325638 -677.8747180989994 NaN
60.794999999999995 NaN NaN NaN NaN -686.469612293923 NaN NaN NaN NaN -683.8585664284483 NaN NaN NaN NaN NaN -677.0490815087373 -687.7277631960219 -684.769399374179 NaN -682.5394416666339 NaN -681.3510392385163 -681.1431088678684 -687.6659549319882 -687.7320599229299 NaN -676.9485726918721 NaN
61.048312499999994 NaN NaN NaN NaN -685.6555064940142 NaN NaN NaN NaN -682.977145145111 NaN NaN NaN NaN NaN -676.12921998256 -686.8932084926037 -683.9008629294482 NaN -681.7220332928919 NaN -680.4805615487201 -680.2642808163525 -686.812334534076 -686.8565067920952 NaN -676.0348118283007 NaN
61.301624999999994 NaN NaN NaN NaN -684.8511176792864 NaN NaN NaN NaN -682.0965673312559 NaN NaN NaN NaN NaN -675.2104256051971 -686.0717736532715 -683.0272651519583 NaN -680.9180055696771 NaN -679.6053366934955 -679.385828877369 -685.9603773376627 -685.9795250398157 NaN -675.1213301753085 NaN
61.5549375 NaN NaN NaN NaN -684.0300388787987 NaN NaN NaN NaN -681.2151687433723 NaN NaN NaN NaN NaN -674.295352295794 -685.2492626891294 -682.1544890825734 NaN -680.1112880017939 NaN -678.7307459579498 -678.5111465838589 -685.0980414577789 -685.1028097731291 NaN -674.2003172155338 NaN
61.80825 NaN NaN NaN NaN -683.209842566486 NaN NaN NaN NaN -680.3343936770605 NaN NaN NaN NaN NaN -673.3812213693129 -684.4227672462935 -681.28256350498 NaN -679.296877387872 NaN -677.856438344763 -677.6439869042925 -684.2366063145416 -684.227119978457 NaN -673.2804380057444 NaN
62.0615625 NaN NaN NaN NaN -682.3946669589579 NaN NaN NaN NaN -679.4434064973747 NaN NaN NaN NaN NaN -672.4644105707343 -683.5952325684932 -680.4101399260871 NaN -678.48390842058 NaN -676.9813201714289 -676.7741165990631 -683.38306706648 -683.3604807858999 NaN -672.3639910309139 NaN
62.314875 NaN NaN NaN NaN -681.5802205513113 NaN NaN NaN NaN -678.553264920449 NaN NaN NaN NaN NaN -671.5484852670245 -682.7646890132501 -679.5349454448001 NaN -677.673591641054 NaN -676.1009990315533 -675.8955332669161 -682.5298336797607 -682.4946609722189 NaN -671.448409195423 NaN
62.5681875 NaN NaN NaN NaN -680.7670573081722 NaN NaN NaN NaN -677.6719208805432 NaN NaN NaN NaN NaN -670.6269824817608 -681.934464846028 -678.6653477641851 NaN -676.8622616122482 NaN -675.2264750046838 -675.0201800234689 -681.6727656819346 -681.613782442695 NaN -670.5309524575341 NaN
62.8215 NaN NaN NaN NaN -679.954715389169 NaN NaN NaN NaN -676.7914644751586 NaN NaN NaN NaN NaN -669.7063640635918 -681.1042010216429 -677.8048792756732 NaN -676.0476690233787 NaN -674.3632024419884 -674.1499910161922 -680.8165086586824 -680.7333867368096 NaN -669.6144513487391 NaN
63.0748125 NaN NaN NaN NaN -679.1429965224163 NaN NaN NaN NaN -675.9167460034828 NaN NaN NaN NaN NaN -668.7798214652213 -680.2753846412003 -676.9401948119091 NaN -675.2339967789011 NaN -673.4968910248102 -673.2814138479597 -679.9475078581829 -679.871720915409 NaN -668.6999595985064 NaN
63.328125 NaN NaN NaN NaN -678.3319848138335 NaN NaN NaN NaN -675.0425421955933 NaN NaN NaN NaN NaN -667.8548474588869 -679.4485683409546 -676.0681713380595 NaN -674.4212514086621 NaN -672.6251066373784 -672.4148472407181 -679.0794573632522 -679.0125985369618 NaN -667.7863969992912 NaN
63.5814375 NaN NaN NaN NaN -677.5225927616322 NaN NaN NaN NaN -674.159084948948 NaN NaN NaN NaN NaN -666.9476821187749 -678.6236827962016 -675.1949160415052 NaN -673.6127080511117 NaN -671.7487431747893 -671.5469878795909 -678.2371281226781 -678.138336610893 NaN -666.869764251725 NaN
63.83475 NaN NaN NaN NaN -676.7140574517078 NaN NaN NaN NaN -673.276440366835 NaN NaN NaN NaN NaN -666.0409884526828 -677.8018213396858 -674.3192133401101 NaN -672.809059418777 NaN -670.8671592039383 -670.6775630604673 -677.3956421992025 -677.264803891653 NaN -665.9539183975465 NaN
64.08806249999999 NaN NaN NaN NaN -675.9088443478863 NaN NaN NaN NaN -672.4047758317442 NaN NaN NaN NaN NaN -665.1226094723588 -676.9793451662047 -673.449779586886 NaN -672.0045139858657 NaN -669.9924185271856 -669.805838251498 -676.5416309991156 -676.4016015968239 NaN -665.0394487398493 NaN
64.341375 NaN NaN NaN NaN -675.10436722511 NaN NaN NaN NaN -671.5336716210119 NaN NaN NaN NaN NaN -664.2050828476068 -676.1558971997927 -672.587136281181 NaN -671.1987313301622 NaN -669.1260917891968 -668.9312976333001 -675.6881618361253 -675.5390435206247 NaN -664.1256875330441 NaN
64.59468749999999 NaN NaN NaN NaN -674.2884482693987 NaN NaN NaN NaN -670.6446582255801 NaN NaN NaN NaN NaN -663.2894947363149 -675.327719653154 -671.7203391986624 NaN -670.3896201791753 NaN -668.2601302449732 -668.0613244833826 -674.8318652304215 -674.6685312524795 NaN -663.2041750795314 NaN
64.848 NaN NaN NaN NaN -673.4731756203332 NaN NaN NaN NaN -669.7564810855708 NaN NaN NaN NaN NaN -662.3748995336693 -674.4949248331454 -670.8483248658367 NaN -669.5775078867828 NaN -667.394381674279 -667.1954031286339 -673.9761517706286 -673.7987977766413 NaN -662.2835166199318 NaN
65.10131249999999 NaN NaN NaN NaN -672.6611741049892 NaN NaN NaN NaN -668.8701016998298 NaN NaN NaN NaN NaN -661.4658562176876 -673.6684717699679 -669.9846316209837 NaN -668.7647310581146 NaN -666.5234147166203 -666.3264116196301 -673.1159410648379 -672.9271914268252 NaN -661.3822532327256 NaN
65.354625 NaN NaN NaN NaN -671.8498684736505 NaN NaN NaN NaN -667.984516281481 NaN NaN NaN NaN NaN -660.5578823851793 -672.8474796758866 -669.1291846306926 NaN -667.9514022323236 NaN -665.6483988809766 -665.4548018105671 -672.2565172146311 -672.0569480943836 NaN -660.4824302760222 NaN
65.60793749999999 NaN NaN NaN NaN -671.0348255417337 NaN NaN NaN NaN -667.1063720931276 NaN NaN NaN NaN NaN -659.651409049728 -672.0287322883415 -668.2703332588727 NaN -667.1430777199508 NaN -664.7803243137186 -664.5886463038221 -671.4022756335528 -671.1984180491587 NaN -659.5739327328043 NaN
65.86125 NaN NaN NaN NaN -670.2207689569366 NaN NaN NaN NaN -666.2292234828672 NaN NaN NaN NaN NaN -658.7453627827028 -671.2119498352833 -667.4087494740575 NaN -666.3387606975444 NaN -663.9173793380403 -663.7271661815969 -670.5488349785404 -670.3401989658253 NaN -658.6662330466281 NaN
66.11456249999999 NaN NaN NaN NaN -669.4305241684131 NaN NaN NaN NaN -665.3525896181328 NaN NaN NaN NaN NaN -657.8288214086057 -670.3870773184195 -666.5392317028302 NaN -665.5370989111159 NaN -663.0484311135033 -662.8633230458574 -669.7028826467895 -669.4711941502359 NaN -657.7532994170501 NaN
66.367875 NaN NaN NaN NaN -668.638534093985 NaN NaN NaN NaN -664.476801388593 NaN NaN NaN NaN NaN -656.9135876171449 -669.5576888395171 -665.6651017002654 NaN -664.7374724089934 NaN -662.1759138864102 -661.9987810287375 -668.8572904633278 -668.6029295728531 NaN -656.841152515899 NaN
66.62118749999999 NaN NaN NaN NaN -667.8238708642391 NaN NaN NaN NaN -663.6082088406204 NaN NaN NaN NaN NaN -656.0060811831119 -668.7361608086419 -664.7958782282765 NaN -663.9259484630214 NaN -661.3060158897205 -661.1299740822321 -668.0039893097307 -667.7367505587827 NaN -655.9313037705057 NaN
66.8745 NaN NaN NaN NaN -667.0098891360238 NaN NaN NaN NaN -662.7403822891057 NaN NaN NaN NaN NaN -655.0994181209252 -667.9197736429924 -663.9303617396799 NaN -663.1090255536125 NaN -660.4378406076322 -660.2591795708628 -667.151535625472 -666.8713577771506 NaN -655.0223204686905 NaN
67.1278125 NaN NaN NaN NaN -666.2086774249647 NaN NaN NaN NaN -661.8615783222795 NaN NaN NaN NaN NaN -654.1908260736031 -667.0989705642279 -663.0715423203875 NaN -662.3031277395019 NaN -659.5731918871918 -659.3983492938141 -666.3017138534037 -666.0142137517469 NaN -654.1216349861118 NaN
67.381125 NaN NaN NaN NaN -665.4082428882975 NaN NaN NaN NaN -660.9829081606995 NaN NaN NaN NaN NaN -653.2829640946766 -666.2763841312069 -662.2164015839245 NaN -661.5019177829718 NaN -658.7107383334804 -658.5410061281926 -665.4526753148687 -665.1576584804257 NaN -653.222053341056 NaN
67.6344375 NaN NaN NaN NaN -664.6120822454009 NaN NaN NaN NaN -660.1099458932641 NaN NaN NaN NaN NaN -652.3744101764419 -665.4572971465388 -661.3514611515889 NaN -660.7046831234682 NaN -657.8429191639178 -657.6791963541984 -664.5980616746898 -664.2831285606769 NaN -652.3060394020562 NaN
67.88775 NaN NaN NaN NaN -663.8167081873166 NaN NaN NaN NaN -659.2379981516909 NaN NaN NaN NaN NaN -651.4667091906213 -664.640020480342 -660.4829314472602 NaN -659.9095561881104 NaN -656.9741765502848 -656.8160140158436 -663.7441189750707 -663.4093208506565 NaN -651.3905334560013 NaN
68.1410625 NaN NaN NaN NaN -662.998473232781 NaN NaN NaN NaN -658.3698654450341 NaN NaN NaN NaN NaN -650.5559848952664 -663.8176449165627 -659.6200842289502 NaN -659.100606066151 NaN -656.1094798120309 -655.9533976779219 -662.8987134790331 -662.5530816929465 NaN -650.4818678760075 NaN
68.394375 NaN NaN NaN NaN -662.17944876008 NaN NaN NaN NaN -657.5026348421309 NaN NaN NaN NaN NaN -649.6460766605071 -662.9942952833361 -658.7592660888315 NaN -658.2888960326632 NaN -655.2464886451643 -655.0914947353192 -662.054088558777 -661.6981887267992 NaN -649.574166275628 NaN
68.6476875 NaN NaN NaN NaN -661.3713075452033 NaN NaN NaN NaN -656.6259612605744 NaN NaN NaN NaN NaN -648.7338563507727 -662.1773639181689 -657.9054755012248 NaN -657.4891509106624 NaN -654.3908241627494 -654.2319194705119 -661.210866616258 -660.8233428416581 NaN -648.6760165834709 NaN
68.901 NaN NaN NaN NaN -660.5638155236923 NaN NaN NaN NaN -655.7499219394101 NaN NaN NaN NaN NaN -647.8224115371938 -661.3625405628278 -657.0536317474304 NaN -656.6937737025851 NaN -653.5376754660472 -653.3735000839176 -660.3684288664226 -659.9488080321411 NaN -647.7789479798109 NaN
69.1543125 NaN NaN NaN NaN -659.7642126439541 NaN NaN NaN NaN -654.8728464400876 NaN NaN NaN NaN NaN -646.9263413023406 -660.5382669298 -656.1870724058227 NaN -655.8819912723117 NaN -652.6742613132831 -652.5046853293298 -659.5205077968507 -659.0926249124216 NaN -646.8657875612685 NaN
69.407625 NaN NaN NaN NaN -658.965092435991 NaN NaN NaN NaN -653.9965592825913 NaN NaN NaN NaN NaN -646.0312219058383 -659.7128934575849 -655.3193142122237 NaN -655.0668966519015 NaN -651.8104649631139 -651.6349312176407 -658.6728289626323 -658.2382838661946 NaN -645.9543607448327 NaN
69.6609375 NaN NaN NaN NaN -658.1529094942007 NaN NaN NaN NaN -653.1236829470919 NaN NaN NaN NaN NaN -645.1249140816822 -658.9067792200266 -654.4601638298852 NaN -654.2640853036282 NaN -650.9422066306731 -650.7675482936334 -657.8253383782965 -657.3866746104903 NaN -645.0582912104256 NaN
69.91425 NaN NaN NaN NaN -657.3413871828018 NaN NaN NaN NaN -652.2515987310594 NaN NaN NaN NaN NaN -644.2193176071436 -658.103405130184 -653.6024500975776 NaN -653.4632897883951 NaN -650.0740507262511 -649.9010947073598 -656.9785861055008 -656.5355612426154 NaN -644.1630444531602 NaN
70.1675625 NaN NaN NaN NaN -656.545448891759 NaN NaN NaN NaN -651.3787933332707 NaN NaN NaN NaN NaN -643.3105667029018 -657.2766374966764 -652.7439088375339 NaN -652.6712843560053 NaN -649.2066800851344 -649.056961649491 -656.131957605746 -655.6766336715438 NaN -643.2534208931863 NaN
70.420875 NaN NaN NaN NaN -655.7511752950743 NaN NaN NaN NaN -650.5067570834917 NaN NaN NaN NaN NaN -642.4029419763905 -656.4489047709783 -651.886090219137 NaN -651.881273668961 NaN -648.3400444628095 -648.2150308308169 -655.2861827995353 -654.8184433553499 NaN -642.34405922697 NaN
70.6741875 NaN NaN NaN NaN -654.9572260437386 NaN NaN NaN NaN -649.6397925983484 NaN NaN NaN NaN NaN -641.5056050861403 -655.6319548151212 -651.0267537213796 NaN -651.0776669717818 NaN -647.4842215384421 -647.3454439144234 -654.4474483799193 -653.9586699879632 NaN -641.4396084470748 NaN
70.9275 NaN NaN NaN NaN NaN NaN NaN NaN NaN -648.7738170280951 NaN NaN NaN NaN NaN NaN -654.8166443190519 -650.1680769257598 NaN -650.2742243479988 NaN NaN -646.4760897038104 NaN NaN NaN NaN NaN
