-0.265306
0.019914
0.806332
0.648705
-0.120129
0.539205
0.271674
-0.239328
0.192129
-0.143539
0.122274
-0.281665
-0.238451
-0.141377
0.878102
0.233306
-0.202051
0.135284
-0.043306
0.831086
0.155281
0.120853
0.061346
0.055761
-0.318185
0.740661
0.396382
0.205324
0.062826
0.085723
0.138009
0.522864
-0.179793
0.151978
-0.052211
0.763601
-0.054492
0.123424
-0.084754
-0.130623
0.843351
0.260690
-0.085248
-0.061190
-0.026996
-0.280822
0.132945
-0.005257
-0.020900
-0.195953
0.934437
0.185167
0.005518
-0.130720
0.057478
0.259928
0.912954
-0.109686
0.194818
-0.120126
0.584260
0.214973
-0.074557
0.256840
0.050381
0.847402
0.836240
0.229664
0.055424
0.002481
0.043996
0.086651
0.073902
-0.111119
0.286031
0.187630
0.545823
0.571819
0.048515
-0.112377
-0.035192
-0.238306
-0.135860
-0.092476
-0.035503
0.144728
0.123336
0.284650
0.894699
0.540983
0.358454
0.905445
0.166900
0.145430
0.200904
0.718643
-0.042198
0.013931
0.017295
-0.045510
-0.057901
-0.048520
0.266539
0.906284
-0.161203
0.403788
0.384256
0.085111
0.065080
0.681100
0.171897
-0.222637
-0.104528
-0.179627
0.932544
0.273597
-0.060069
-0.240889
-0.087293
-0.004753
-0.022963
0.211214
0.809482
0.293013
0.300040
-0.044627
0.785329
0.218884
0.843101
0.357996
0.062721
0.112466
0.844042
0.562854
0.194507
-0.019880
-0.046660
0.418766
0.117105
-0.104281
0.463306
0.570902
0.402613
0.896740
0.114156
0.097266
0.893499
0.093554
0.168289
-0.163163
0.024749
0.107133
0.047123
-0.149573
0.242197
0.127971
0.444569
-0.165430
0.503149
-0.202890
0.831001
0.010985
0.739123
0.142747
-0.007639
-0.070025
-0.112646
-0.263122
0.895310
-0.099135
-0.114360
0.021286
0.140446
0.382318
0.578783
-0.081872
0.792573
0.218312
-0.016298
0.717597
0.234002
0.316859
0.105463
0.736005
-0.374157
-0.015249
0.063289
0.027008
0.377381
0.096810
-0.138342
0.060900
-0.093363
0.543315
0.073803
-0.092288
-0.050796
-0.011317
0.332256
0.144234
0.623111
-0.067139
0.568421
-0.047723
0.008108
0.923843
0.204408
0.036490
0.580102
0.139837
-0.182881
-0.154486
-0.118544
0.602843
-0.100800
0.170134
0.319172
0.133172
0.098245
0.034239
-0.052446
0.154189
0.556629
0.683148
-0.029306
0.641967
0.301436
0.219391
0.821514
0.076577
0.043419
0.263010
0.059556
-0.072791
-0.196219
0.001210
-0.256393
0.862732
-0.332592
-0.195149
-0.073374
-0.288641
0.102272
0.070179
0.046810
-0.299381
0.444466
0.013257
0.319405
-0.129957
0.169618
0.673708
-0.217860
0.051598
0.071527
-0.219517
0.034415
0.558217
0.322313
-0.130096
-0.215190
-0.150139
0.003937
0.873736
0.016206
0.339276
0.517060
-0.056290
0.245213
0.139121
0.685359
-0.124211
0.096859
0.385316
0.051326
0.870803
-0.051924
0.385613
-0.093144
-0.201278
0.285571
0.073658
0.926657
0.177570
0.049261
0.012514
-0.046032
-0.212014
0.178628
-0.016538
0.361931
-0.109665
0.557874
-0.001551
-0.112782
0.025409
-0.092537
0.709859
0.537897
-0.267284
0.344554
-0.257019
-0.197782
0.491499
-0.059783
0.174292
-0.111780
-0.151844
0.685582
0.325915
-0.147263
0.885226
-0.035923
0.428228
-0.131283
0.828454
-0.035709
0.370139
-0.101682
0.226878
0.183910
0.072153
0.423577
0.038035
0.085495
-0.067179
0.293270
-0.161388
-0.157091
-0.010831
-0.169046
0.235137
-0.029333
0.585706
-0.223328
-0.076491
-0.085243
0.126097
-0.205904
-0.028441
0.476245
0.469712
0.449504
0.321367
-0.059330
0.290241
0.117716
-0.021305
-0.140978
-0.003371
0.196113
-0.001524
0.702494
-0.205563
0.875405
0.428271
-0.106830
-0.267957
0.185409
0.106588
0.497216
0.093113
0.217514
-0.053757
0.095351
0.588087
0.022457
-0.118879
0.873869
0.879991
0.188116
-0.164990
0.559803
0.541808
-0.023324
0.038653
0.192773
0.800842
0.004998
-0.271533
0.688682
-0.014507
-0.008468
0.804994
-0.119913
0.310003
0.029939
-0.043154
0.823405
0.104690
0.038253
-0.215101
0.104690
0.865007
0.617273
-0.068871
0.030448
0.304315
0.251160
0.097138
-0.051544
0.545781
-0.206554
0.012668
-0.190837
-0.005178
0.097131
0.738280
0.927407
0.150356
0.359416
0.455590
-0.179182
0.187959
0.467747
0.915108
0.280354
0.087461
0.429488
0.191910
0.255992
-0.209869
-0.026326
0.409874
0.120470
0.882745
0.276830
0.250005
0.099787
0.754137
0.197436
-0.269216
0.160698
-0.145306
0.300850
-0.087974
-0.162727
0.229748
0.132222
0.322007
0.335069
0.409049
0.271998
-0.068824
0.087266
0.349088
0.367530
0.055492
-0.091530
-0.015103
0.028537
-0.058138
0.175287
0.233109
0.138469
0.235431
0.722461
-0.128226
-0.123236
0.722907
-0.282114
0.460771
-0.279772
0.300024
0.895874
0.746362
0.103708
0.098871
-0.235220
0.140636
-0.113647
0.428798
0.065666
-0.038689
0.261518
0.719082
0.126346
0.225066
-0.068584
0.250006
-0.102721
-0.151703
0.735458
0.436549
0.174930
0.025633
-0.108747
0.854084
0.208988
-0.070902
0.476418
-0.035075
0.568067
0.089722
-0.009039
0.458591
0.713121
-0.162832
0.129354
0.823559
-0.197859
0.193473
0.007807
0.262944
0.842739
0.391145
-0.139290
-0.177897
-0.031236
0.252723
0.035489
0.425728
0.028164
-0.009079
0.102598
0.198667
-0.136965
-0.101964
-0.246060
-0.079239
0.927124
-0.129604
0.501741
0.084937
0.088290
0.205474
0.368311
-0.040817
-0.056799
0.337358
0.883839
0.658385
0.048679
0.106297
-0.238985
0.398605
0.113072
0.272616
0.873367
0.160774
0.055397
0.298364
0.046197
-0.093286
0.010724
0.059023
-0.026455
0.286846
0.925002
-0.258447
0.870121
0.260607
0.090020
0.847280
0.678877
0.877754
0.143403
-0.053186
0.267438
0.266018
0.157941
0.127567
-0.069607
-0.037306
-0.137875
0.303590
0.150287
0.920967
0.428235
0.284466
0.024204
-0.039362
0.137915
0.032365
0.055644
0.166359
0.144429
-0.053225
0.915294
0.777807
0.367839
-0.102615
0.364560
-0.108187
0.169349
0.337453
0.740759
0.030568
-0.060961
-0.068023
-0.223416
0.403501
0.090529
-0.301247
0.802296
0.227066
0.118382
-0.252318
0.527117
-0.334091
0.868608
-0.129112
0.578205
0.587227
-0.234183
-0.048303
0.149521
0.388866
0.030260
-0.016530
-0.057150
-0.004639
-0.140340
0.191672
0.612562
0.436724
0.024667
0.110294
0.400072
-0.034062
0.490941
-0.043846
0.202254
0.586963
0.186132
-0.268146
-0.053186
0.191025
0.886526
0.178660
0.767624
0.059772
0.237546
0.218117
0.019365
0.470850
0.035099
0.126891
-0.015485
-0.084964
0.162135
0.614532
-0.048977
-0.035767
0.125855
-0.291710
-0.035304
0.839260
0.012619
0.163449
0.124097
-0.238988
-0.059541
-0.207376
-0.232209
0.636859
-0.224326
-0.018930
0.317471
-0.139713
-0.051987
0.142861
-0.084853
-0.143812
0.046892
0.095624
0.257027
0.278207
-0.189052
-0.005660
0.060978
0.855023
-0.008736
-0.231073
0.597966
-0.120526
0.314752
0.402277
0.100369
-0.151543
-0.212125
0.579516
-0.316629
0.015241
-0.154143
-0.004172
0.060558
0.091520
0.719154
-0.235020
-0.122080
0.843704
0.809786
0.078963
0.114510
-0.170584
-0.141976
-0.162551
0.735522
0.611142
0.015439
0.042348
0.452224
0.887174
0.049348
0.860208
0.099391
0.148727
0.311759
-0.230029
0.095790
-0.115393
0.264276
0.118355
0.043574
0.378822
0.357736
-0.216261
-0.122302
0.169208
0.152750
0.593935
0.212508
0.097749
0.659045
-0.276643
0.007475
0.703877
0.115458
0.639750
-0.140787
0.333423
0.199196
0.041121
0.163707
0.857316
0.175683
-0.152084
-0.075569
-0.322603
-0.057562
0.252557
0.149314
0.379063
0.132795
0.178635
0.067935
0.913220
0.743066
0.215809
0.092410
0.024593
0.556795
0.425367
0.076389
0.364937
-0.153068
0.094045
-0.051077
-0.016467
-0.050220
0.011961
0.778329
-0.070583
-0.008105
0.130526
0.645035
-0.223526
0.508576
-0.013379
0.816151
0.044864
0.033990
0.799532
0.381279
0.278246
0.877746
-0.091988
-0.081168
-0.140449
0.044059
0.317940
0.199217
0.639929
0.112135
0.296001
-0.061616
0.328469
-0.164783
-0.074536
0.275646
0.917827
0.055346
0.222026
-0.277399
-0.061514
0.162957
0.105073
-0.293877
-0.174745
-0.169549
-0.037882
-0.190639
-0.102886
0.419361
0.245521
0.338944
0.291386
0.108317
0.246789
0.052820
-0.083031
-0.318189
-0.046427
-0.126661
-0.114877
0.044424
0.099581
-0.059755
-0.007449
-0.100325
0.172202
0.210033
0.039856
-0.040315
0.083980
0.214420
0.213182
-0.022516
0.438168
0.458330
-0.053045
0.531629
0.098978
0.019275
0.024265
0.867875
0.001582
-0.215868
0.132907
0.072512
0.796272
0.505930
-0.287932
0.175553
0.184201
-0.066542
0.302717
-0.070867
0.070255
-0.256091
0.369840
0.304893
-0.154228
0.116183
0.132781
0.506185
0.060920
0.202841
0.703196
0.085552
0.215383
-0.327054
0.266117
-0.002537
-0.152788
0.876879
0.197981
-0.108543
0.818368
0.112915
-0.211610
0.208264
0.096352
0.050668
0.004828
-0.130980
0.141691
0.259862
0.837572
-0.059694
0.406313
0.220650
0.082912
0.913936
0.106633
0.134518
-0.164291
0.283429
0.204708
-0.008255
0.267580
0.310378
0.133241
0.000593
0.030730
0.327363
-0.036438
0.668006
-0.144916
-0.111378
-0.125629
0.169380
0.237380
0.010622
0.819420
-0.045251
0.153504
0.513219
0.166826
-0.336192
0.047057
-0.216160
-0.075106
0.650577
0.332064
0.006203
-0.036458
-0.065967
0.038931
0.070752
0.287298
-0.071679
0.074392
0.226064
0.397919
0.137057
-0.296903
0.154627
-0.011419
-0.255082
0.434738
0.060862
0.598624
0.627445
-0.100125
0.654735
0.893258
-0.118556
-0.292145
-0.005675
0.515207
-0.233338
0.064740
0.573345
0.647929
0.931828
0.204449
0.029053
0.157923
-0.114039
0.062324
-0.045589
0.001334
0.537419
0.433796
0.075523
0.188898
0.516829
0.248936
0.561483
0.541715
0.296274
0.495765
-0.045390
0.241480
0.426269
0.118374
-0.103073
0.325970
0.025703
0.696395
0.282611
-0.174087
0.054541
0.012979
0.146525
-0.180668
0.324882
0.314425
-0.278709
-0.274394
-0.096950
0.338661
0.905789
0.154919
0.143890
0.825640
-0.094345
0.597770
0.240150
0.157334
0.020487
0.731493
0.111119
-0.079258
0.258124
-0.008033
0.082042
-0.138457
0.797591
0.526994
0.135071
-0.020737
-0.148568
0.052858
-0.026233
-0.153696
-0.195144
0.243760
0.803798
0.110142
-0.246837
-0.184107
0.440630
-0.084407
0.355640
0.433316
0.555421
0.852744
0.502439
-0.143156
0.856427
0.076760
0.899249
0.624256
-0.407679
-0.173046
0.075868
-0.141674
0.035617
-0.056095
-0.061381
-0.057335
0.120709
0.576807
0.730042
0.006315
0.102877
0.116989
0.076103
-0.015369
0.690351
0.926068
-0.117922
0.041876
-0.060265
0.784277
0.858700
-0.328401
-0.209689
-0.156199
0.259568
0.011263
-0.142212
-0.101387
0.001797
-0.219114
-0.239821
0.045037
-0.011480
0.045424
0.219816
0.218012
-0.098464
-0.135731
-0.023436
0.602495
0.009491
0.940451
0.133653
0.477694
0.695345
0.033512
0.586468
0.075348
0.808481
0.019490
0.241336
0.186500
-0.142333
-0.226316
0.017597
0.073802
0.751630
0.161651
-0.216669
0.151027
-0.299759
0.030228
-0.007576
0.056992
0.789498
-0.280045
-0.264708
0.879555
0.245983
0.575652
-0.128025
-0.282476
0.730296
0.256862
0.055816
0.137769
0.850194
0.913305
0.057743
0.114496
0.198032
-0.083904
-0.275559
0.445265
-0.102248
0.566180
0.224886
0.075491
0.398734
-0.107619
-0.017215
-0.264857
0.184119
-0.120526
0.061012
0.520091
0.066614
0.794456
0.008101
-0.054409
0.161623
0.062235
-0.058251
0.222684
-0.025942
-0.136449
-0.063663
-0.226492
0.110816
0.072608
0.559492
-0.025623
0.259593
0.756817
0.008128
0.296199
0.044808
0.032245
0.257679
0.376764
0.278030
-0.010212
-0.089834
0.462755
-0.102279
0.812644
0.092760
-0.114026
-0.075315
-0.041488
0.355044
-0.149362
0.072061
0.014954
0.119524
0.130788
-0.048270
0.422993
0.084249
0.739146
0.084362
-0.047600
0.148615
-0.012530
0.041664
0.453533
-0.267332
0.771841
0.023548
-0.090468
0.097507
0.667170
0.403336
0.028470
0.594999
-0.010430
0.562034
0.101054
0.019840
0.601462
0.045399
-0.006789
0.334843
-0.147671
0.124694
0.074721
-0.039920
-0.033770
0.359176
0.569167
-0.115585
-0.121853
-0.160788
0.693667
0.412013
0.261585
0.297965
-0.237611
-0.206466
0.172202
-0.023554
0.025801
0.058929
0.233775
0.494688
0.639195
-0.285549
0.075202
0.290634
-0.080436
0.168495
0.020944
0.885663
-0.028946
0.549146
0.106349
0.265877
-0.059893
0.522444
0.182461
-0.218772
-0.285210
0.122765
-0.063023
0.177035
0.376651
0.140972
0.091452
-0.168270
0.559971
0.212851
0.092617
-0.125501
-0.204112
0.014980
0.329837
0.363643
0.088170
0.639057
0.598102
0.055796
0.288164
-0.080431
-0.059372
0.200967
-0.205103
0.576641
0.644304
0.331797
0.090930
-0.176740
0.725162
-0.050595
0.755437
-0.014064
0.069737
-0.061546
0.504881
0.010485
-0.090369
0.168384
-0.068565
-0.116944
0.447597
-0.178491
0.067842
-0.055088
-0.081240
-0.056719
0.038717
0.228468
0.208390
0.122705
0.066727
-0.151363
0.053480
-0.232620
0.010723
0.851175
0.047232
-0.056503
-0.203707
0.894542
-0.159032
-0.006792
0.034123
-0.261949
0.444874
-0.119114
0.061839
-0.181581
0.369514
0.068021
0.521878
-0.052261
-0.013719
-0.200814
0.408233
0.158861
-0.005983
0.191379
0.286356
-0.247428
0.190440
0.548410
0.211872
0.197475
0.209259
-0.104083
0.195915
-0.103460
-0.074524
0.476310
0.337145
-0.021215
0.698406
0.265670
0.540960
0.360528
0.241810
0.836494
0.001123
-0.157737
-0.193837
0.401130
0.231917
0.122686
-0.225435
-0.088178
-0.157717
-0.291684
0.382227
0.059651
0.077262
0.709632
0.698032
0.227045
0.469658
-0.098715
0.083013
-0.014384
-0.025782
0.076473
0.826713
-0.028002
0.818007
0.914691
-0.234969
-0.158993
-0.199503
-0.143723
0.049584
0.396114
0.302382
-0.005268
0.148007
-0.296487
-0.061849
0.130063
-0.099405
0.025765
0.002734
0.245906
0.941127
0.190141
-0.000313
-0.010517
-0.027050
-0.050121
0.068001
-0.268507
0.049221
-0.007336
0.068677
-0.066620
0.233932
0.416326
-0.011720
0.815729
-0.235134
0.555581
0.678965
-0.110773
-0.037830
0.111235
0.090237
-0.042090
0.464143
0.551112
0.144794
0.094563
0.202419
-0.200903
0.275562
0.912451
0.805572
-0.027883
0.203661
0.060390
0.051777
0.275378
0.379645
0.267793
0.289266
0.191563
0.595157
-0.298455
0.540564
-0.129954
0.543663
0.182811
-0.046448
0.234340
0.318444
-0.140476
0.899439
0.371297
0.054707
-0.056047
0.881022
0.111443
-0.239693
-0.304463
0.171977
0.054101
0.071730
0.192907
0.614415
-0.057608
0.826340
-0.118852
0.902530
0.080150
0.381806
0.294890
0.034275
-0.053322
0.023689
-0.123593
0.153464
0.282977
0.203292
-0.019487
0.114029
0.161955
0.214259
0.908803
0.059257
-0.092719
-0.100215
-0.082607
0.220783
0.135954
0.335796
-0.366787
0.173909
-0.024451
0.374667
-0.047576
0.108301
0.190302
0.614784
0.285654
0.890767
0.160802
0.147604
-0.182797
0.077010
0.115004
-0.195070
0.885747
-0.154080
0.497418
0.096515
0.124988
0.920674
0.116842
0.881220
0.916866
-0.010102
0.273224
-0.078099
-0.055460
0.104040
0.102693
0.119143
-0.209758
-0.022500
0.915520
0.042446
-0.150283
-0.009269
-0.169356
-0.131553
-0.118296
-0.063288
0.107404
-0.118552
0.184076
-0.031631
0.138812
0.208172
0.140531
0.914496
0.025253
-0.093373
-0.241743
-0.200258
0.190678
-0.054067
-0.221519
0.124376
0.211154
0.105647
0.395072
0.109682
-0.248553
0.029627
0.049883
0.551333
0.346583
-0.279688
-0.254126
-0.050920
0.843649
0.011588
-0.020919
-0.038781
0.659932
0.148899
-0.115189
0.846675
0.096032
0.053275
0.866217
-0.048236
0.041699
0.055945
0.241229
-0.069145
0.204330
-0.230344
-0.249000
-0.213803
0.138119
0.060500
-0.106125
0.048131
0.387010
0.351683
-0.007150
0.451532
0.228336
-0.066455
0.100359
-0.101679
0.881696
0.836962
0.330305
0.015152
0.192657
0.530017
-0.170127
0.552756
-0.119283
-0.154902
-0.130745
0.112428
0.252730
-0.265981
0.194738
-0.090237
-0.108057
0.110448
0.108300
-0.193355
-0.075263
0.129690
0.490196
-0.240849
0.078029
0.007022
0.295982
0.418945
0.419219
0.170889
-0.020314
-0.014527
-0.042727
0.128683
0.006223
0.204585
0.310394
-0.095223
0.080492
0.837150
0.075206
0.838852
0.052985
0.321346
0.611584
-0.135853
0.133192
0.886296
0.274394
0.753267
0.059251
0.848333
-0.194640
0.293935
0.899153
0.145111
-0.304858
-0.059936
0.295657
0.913246
0.600565
-0.195565
0.103842
0.796820
-0.186532
-0.176976
-0.150206
-0.028881
-0.047061
-0.056419
-0.136771
0.502627
0.022586
0.007830
-0.005941
-0.188433
-0.205233
0.862312
0.005136
-0.143419
-0.045062
-0.176838
0.611500
-0.078427
0.773807
0.250919
0.291349
-0.016261
0.011814
0.537812
0.213394
-0.044410
-0.021425
0.229014
-0.401490
0.062403
-0.178999
-0.300866
0.208069
-0.310176
-0.006190
0.622748
0.833260
0.131447
0.232888
0.129516
0.860986
-0.233420
0.179320
0.296633
0.291747
0.181109
0.605152
0.426301
0.011206
-0.162741
0.346979
0.042623
0.131193
0.188716
0.815670
-0.110780
-0.004029
-0.196266
0.297646
0.881756
-0.040919
0.541961
0.189106
0.410854
0.054984
0.116960
-0.089362
0.699712
0.070348
0.510282
0.676770
0.929935
0.077292
0.824568
0.647517
0.237435
-0.254587
-0.170511
0.605509
-0.023877
-0.025377
0.225272
0.492391
0.079351
0.325319
0.070063
0.019911
-0.082286
-0.011414
0.333966
-0.119190
0.204774
0.263933
-0.114625
0.171408
0.838623
0.461861
-0.019384
-0.014081
0.048358
0.284570
0.062033
-0.220003
-0.032934
0.871374
-0.066781
0.592061
0.830553
-0.067464
0.253276
0.070247
0.047489
0.009771
0.543167
0.146912
-0.011847
0.649488
-0.158469
0.093233
0.237585
0.602600
0.039190
0.328268
0.098861
0.104565
0.792282
-0.029622
0.127321
0.519908
0.428103
0.096610
0.062388
0.845852
0.872743
-0.034010
0.660223
-0.239109
0.779112
-0.019318
-0.054555
-0.152816
0.826961
0.013250
0.010168
0.229262
0.008514
0.124749
0.595230
-0.179564
0.123202
-0.262895
-0.028068
0.821856
0.032845
-0.190258
-0.078023
-0.050002
-0.091774
0.372115
-0.011634
0.160859
0.018458
0.278624
-0.074116
0.281580
0.225394
-0.002049
0.355875
0.730765
0.658417
0.143852
0.426675
-0.044860
-0.172063
0.732794
-0.041497
0.005186
-0.031069
0.297476
-0.168516
-0.249533
0.009182
-0.293321
-0.003952
0.254562
-0.011523
-0.126407
0.270706
-0.044859
-0.007506
0.061274
-0.182278
-0.086882
0.774260
-0.058598
0.078477
-0.017822
0.204322
0.318247
-0.005180
0.002141
-0.193527
-0.176063
0.677516
0.111880
-0.044232
-0.055061
-0.055919
0.101904
0.105503
-0.033189
0.059993
-0.217835
0.824610
0.395448
0.008511
0.000274
0.350115
0.042992
0.189709
0.172349
0.278551
0.074995
0.041036
0.186947
-0.106973
0.613215
0.567164
-0.147147
0.912674
-0.162407
-0.113476
0.380090
0.932969
0.027717
0.545957
0.082734
0.229963
0.817731
-0.081469
0.443822
-0.074528
0.095600
0.103922
-0.051455
0.544729
0.465687
0.196676
-0.243644
-0.033331
0.104664
0.011093
-0.050030
0.482610
0.081979
-0.245880
0.028466
0.953757
0.748876
0.255439
-0.242915
-0.003615
-0.007810
0.459451
0.761766
-0.130350
0.911966
-0.045872
-0.071525
-0.189744
0.566330
-0.184024
-0.336245
0.029121
-0.065772
0.039354
0.863346
0.742681
-0.091731
0.041559
0.136448
0.692011
0.112320
0.082094
0.251346
0.824644
-0.057173
-0.057460
0.258543
-0.005529
0.494868
0.201461
0.145008
-0.155947
-0.081517
-0.241889
0.104439
-0.164473
0.185233
-0.253007
0.539569
0.071574
0.047926
0.481490
0.181312
0.042230
0.146961
0.081985
0.075015
0.242441
0.912936
0.412535
-0.090096
0.167395
-0.095451
-0.143851
-0.458661
0.057587
0.683510
0.099460
0.043002
0.760793
-0.169469
0.889698
-0.300876
0.260925
0.191937
0.289588
0.631901
0.004605
0.104586
-0.159704
0.237718
0.089048
0.153477
0.267330
-0.119363
0.531056
-0.097742
0.636868
0.249183
-0.165189
0.068834
0.804185
0.163308
0.873444
-0.103051
-0.140074
0.100575
0.403039
-0.068741
0.316065
-0.223844
0.188537
-0.081125
0.146339
0.467804
-0.189352
0.318513
0.664888
0.224367
-0.023538
-0.026159
-0.240419
0.524916
0.946277
0.381969
-0.102760
0.078178
0.706591
0.076137
0.545885
-0.025405
0.097369
-0.106193
0.233520
0.885076
0.339156
0.074139
0.001753
0.069418
0.044874
0.918299
0.318220
-0.087302
0.018646
0.696612
-0.139092
0.525703
-0.003194
-0.166918
-0.075352
0.277433
-0.046736
0.863640
-0.126619
0.028468
0.158362
0.141374
0.463501
-0.090555
0.046139
0.406460
0.228567
-0.331143
-0.118785
0.327806
-0.055022
-0.151056
0.054244
0.520034
-0.000845
0.153074
0.142282
0.265968
-0.239936
-0.238390
0.244545
0.057186
0.079546
-0.277009
0.125249
0.776122
0.010889
0.233378
-0.182037
-0.099968
0.376507
0.504009
-0.062665
0.110759
0.282424
0.906943
0.675936
0.202404
-0.087025
0.202937
0.847199
0.829275
-0.118796
0.179897
0.309651
-0.034006
0.393729
0.035796
0.454264
-0.299258
0.284763
-0.104329
0.472817
-0.122857
-0.169888
0.191516
0.662960
0.658725
0.158270
-0.216336
-0.279515
-0.342131
-0.201495
0.036049
0.187406
0.432067
0.452280
0.366010
0.471561
0.545587
-0.007528
0.257187
0.035730
0.820148
-0.163678
0.234809
0.293672
-0.194882
0.163608
0.436032
0.030199
-0.066267
-0.095751
-0.312390
0.206963
0.200610
0.054769
0.541197
0.679518
0.073195
0.106680
-0.201794
-0.002337
-0.184760
0.032951
0.304360
-0.055057
0.512031
0.165926
0.025692
-0.028669
-0.244942
0.212474
-0.165459
-0.129194
0.083335
0.949809
0.830687
-0.175901
0.797019
-0.327024
0.087479
-0.090719
-0.205318
-0.055525
0.543064
0.666925
0.215368
0.000009
0.080506
0.236922
0.253090
-0.392532
-0.128672
0.572809
0.089328
0.076937
0.013852
-0.121398
0.315692
-0.167696
-0.184824
-0.084179
0.116879
-0.200990
0.185811
0.485448
0.480700
0.561476
0.363561
0.785746
0.886864
0.200797
-0.163553
0.321879
0.274552
0.501974
-0.052824
-0.044442
-0.121217
-0.041685
0.084926
0.014124
0.494585
-0.149674
0.147399
0.015883
-0.024026
-0.119442
0.659136
0.182403
0.551119
-0.103258
0.148128
0.006480
0.581890
-0.197576
0.198979
-0.324521
-0.032759
0.599449
0.575139
0.023388
0.268901
-0.007036
-0.092116
0.290295
-0.150731
0.237051
0.453559
-0.097476
-0.204759
-0.230272
0.093688
0.126402
0.771699
0.430069
0.109109
-0.040876
0.496170
0.138667
0.077688
-0.104195
-0.228624
0.016043
-0.090450
-0.203140
-0.134501
0.105622
0.816051
0.736633
0.098670
0.422915
-0.002946
-0.132025
-0.307461
0.547785
0.624844
0.809501
-0.064215
0.625352
0.138723
0.813945
-0.036944
0.226288
0.022295
0.574996
0.360661
-0.089314
0.473686
-0.243821
0.159550
0.635105
-0.171929
0.938667
-0.179223
0.835619
-0.343330
-0.016285
0.205082
0.149910
0.322813
0.250918
-0.141357
-0.135904
-0.115636
0.126943
-0.062880
0.152784
0.628226
-0.077393
0.012591
-0.146555
0.070874
0.234459
0.802867
0.027515
-0.085425
0.385329
0.256426
-0.158216
0.060424
0.142091
0.192043
0.401456
0.050211
-0.208498
-0.193130
0.224083
-0.110749
-0.106482
-0.221001
0.801749
-0.079481
0.256742
0.167160
-0.024805
0.181055
0.138387
-0.155223
0.095043
-0.170365
0.220241
-0.059587
-0.010736
-0.142432
0.131914
-0.229526
0.466740
-0.046972
0.351142
0.217903
0.395639
-0.112440
0.088001
-0.123977
-0.008236
0.589894
0.274236
0.193053
-0.040182
0.004309
-0.020411
0.115192
-0.087105
-0.063274
-0.277482
0.398814
0.249682
-0.081643
-0.027221
0.562633
-0.031862
0.106012
0.108330
0.227582
-0.090728
-0.012825
0.917593
-0.386533
0.058248
-0.064401
0.044529
0.089645
0.345848
-0.071155
-0.064104
-0.017071
0.499778
0.481913
-0.063230
0.538909
-0.054921
0.412500
0.105277
-0.069570
-0.011983
-0.065956
-0.053248
0.043757
0.615940
0.138503
-0.067573
0.083744
0.538331
-0.060205
0.432121
0.813971
0.239826
0.367439
0.144643
0.486586
0.692554
0.071214
0.391333
0.138473
-0.124483
-0.033400
0.266441
0.213046
0.193759
0.018192
-0.018893
0.220268
-0.226530
-0.184022
0.260798
0.517060
0.209372
-0.191881
0.231774
0.550328
0.496161
0.477416
0.536505
-0.240264
-0.074987
0.541523
0.241936
0.025806
0.060284
0.005688
0.296186
0.846834
0.065171
0.277852
0.301768
-0.160055
-0.031188
0.114952
0.233004
0.454706
0.539878
-0.058186
-0.125762
-0.054315
0.192122
0.028667
0.025864
0.014647
0.264194
0.835317
0.002771
-0.077544
0.290116
0.068776
0.120396
0.044101
-0.012743
0.705554
0.281034
0.093866
0.310318
0.761915
-0.257750
-0.089041
-0.217960
-0.134180
0.201206
0.094164
0.030638
0.032905
-0.183198
0.447666
0.362073
0.321696
0.879210
0.499815
0.779678
-0.250510
0.658242
-0.118469
0.769226
0.418075
0.054860
0.251410
0.601683
-0.104014
0.199715
0.410149
0.356564
0.217957
0.287772
-0.058677
-0.137499
-0.109232
-0.000446
0.274511
0.146017
-0.186561
0.140495
0.553424
-0.047405
-0.029666
-0.182046
0.114712
-0.031642
0.495843
0.103516
0.577957
0.562947
0.582362
-0.141310
0.732494
0.250700
0.336931
0.156212
0.930085
-0.355000
0.017010
0.074951
0.890876
0.082687
-0.153546
-0.002073
0.187547
0.135431
0.369239
0.003483
0.548404
0.129462
-0.242216
0.943348
0.107558
0.090691
0.082565
-0.044227
-0.148450
0.179303
0.206004
-0.043365
0.048187
-0.204208
0.076727
0.915844
0.503389
-0.028818
-0.193887
0.564949
0.050015
0.140316
0.024877
0.347910
0.094624
-0.087235
0.165169
0.018557
-0.153028
-0.178909
0.194703
-0.000103
-0.083441
0.382070
0.135637
0.407813
-0.260487
-0.129472
0.277447
0.081633
0.106939
-0.065933
0.362552
0.176797
-0.008707
0.058860
0.042400
0.308482
0.850337
0.078151
0.129732
-0.093670
-0.274799
0.514516
-0.208022
0.761785
0.559918
0.346626
-0.188201
0.580703
0.331548
0.012468
0.167410
0.468666
0.119251
-0.147025
0.164142
-0.170108
0.223900
0.238797
0.101526
-0.187638
0.009978
-0.126937
0.553943
0.005247
-0.216877
0.854621
0.744115
0.070642
0.932868
0.239431
0.602109
0.228881
-0.160460
0.438241
0.261357
0.095534
0.520702
0.779936
0.673500
0.089525
0.104519
-0.011050
0.136606
0.173593
0.843400
0.245110
-0.001361
0.096678
0.027626
0.441422
0.536083
-0.010794
0.382084
0.014871
0.598908
0.430441
0.130045
0.151297
0.784571
0.392899
-0.088025
-0.150109
0.362781
0.213143
-0.036950
0.515390
-0.007469
0.199888
0.565704
0.091954
0.583212
-0.048079
0.276153
-0.169043
-0.006429
-0.257962
0.008205
0.465919
0.261531
0.078294
0.344224
0.259066
0.135019
0.003606
0.263437
0.617989
0.261564
0.000350
0.513634
-0.277132
-0.124126
0.118658
-0.102623
0.019612
0.291172
0.148360
0.006790
0.460888
0.510780
-0.175974
0.786909
-0.246640
0.542937
-0.067166
0.243563
0.016457
0.077161
-0.094498
0.016996
-0.019051
0.281026
0.319509
-0.176402
0.800294
-0.248831
0.360212
0.214063
0.364284
0.315094
0.037482
-0.111002
0.262302
0.120583
0.051109
-0.186372
-0.002212
0.133493
-0.104315
0.009966
0.126912
-0.007717
0.199998
0.384237
0.131865
0.200145
0.430178
-0.234679
0.065465
0.129842
0.712459
0.031010
-0.221557
0.165006
0.352459
0.430210
-0.020387
-0.140905
0.807998
-0.182555
0.290766
-0.204822
0.169477
-0.114170
0.039548
0.039808
-0.095380
-0.171396
0.328225
-0.015279
0.733495
-0.141861
-0.205704
-0.059909
0.082449
-0.125927
0.165902
0.915690
0.242398
0.109645
-0.036160
0.414516
0.044710
-0.200620
0.172717
0.212978
-0.083634
-0.179126
0.272710
0.055664
0.055806
-0.040301
-0.314189
-0.302195
0.238446
0.475089
0.096992
-0.011362
-0.065567
-0.101905
0.099168
0.499913
-0.077855
0.287901
0.714788
-0.068614
0.170909
0.895657
-0.098565
0.236306
0.485603
-0.004829
-0.141893
0.572429
-0.002992
0.253670
-0.057350
-0.162669
0.117306
0.182578
-0.104061
0.498547
0.045623
-0.123252
-0.015572
0.193517
0.094993
0.054345
0.112132
-0.070173
0.144551
0.106429
0.418086
0.170051
-0.245401
0.547996
0.210817
0.180715
0.155188
0.182616
0.815285
0.103956
0.397373
0.310049
0.165902
0.826136
-0.214465
0.010848
0.621016
0.314964
0.920609
0.345345
0.899745
0.544848
0.917200
0.110076
0.148397
-0.035358
-0.059367
0.063165
0.755677
0.136563
0.054940
0.132586
-0.149251
-0.046945
-0.142369
0.181064
0.080667
0.109136
-0.179612
0.650621
-0.192244
0.531651
0.477371
0.153357
0.003048
-0.011718
-0.086793
0.059134
0.014384
0.165789
0.047036
0.249845
-0.030913
0.064379
0.506610
0.022455
0.298487
0.798454
0.045928
0.077022
0.197045
0.453892
-0.192906
0.230722
-0.186209
0.074816
0.706424
0.208552
0.186719
0.290617
-0.012845
-0.082388
0.011341
-0.222261
0.298962
0.884339
0.086241
-0.247857
0.176597
0.346849
0.267871
0.133770
0.583815
0.872672
-0.029427
0.692282
0.776019
-0.143543
-0.254079
0.102239
-0.201219
0.308881
0.027106
0.861509
0.525038
0.318155
0.657027
0.044772
-0.111517
-0.010963
0.358699
-0.313377
-0.030676
-0.030234
0.770674
0.620241
0.901458
0.207844
0.175372
0.037465
0.234105
0.012076
-0.250946
0.217701
-0.073760
-0.083120
0.013542
0.531088
0.824593
0.041269
0.040133
0.267945
0.014949
0.151582
0.141509
-0.271299
0.528356
0.009124
0.299195
0.294019
0.203146
0.325430
0.748689
-0.136761
0.121431
-0.028722
-0.016710
0.086453
0.749074
0.215421
-0.042122
-0.328989
0.019771
-0.044844
-0.050389
0.325269
0.042550
-0.064490
-0.054432
0.181446
0.790538
-0.030902
0.055080
-0.002756
0.493653
-0.056134
-0.088039
0.770325
0.887208
-0.189884
0.149860
-0.101516
0.022650
0.351666
0.277923
0.843893
0.879716
-0.080466
0.193347
0.680870
0.158413
0.012330
-0.182921
0.895308
-0.074105
-0.081772
0.229662
0.196794
-0.050005
0.891890
0.522481
0.190742
0.146417
0.048763
0.869906
0.211602
-0.067899
-0.209601
-0.000028
0.400688
0.284090
0.223536
-0.109040
0.560050
-0.103367
0.770619
0.720001
0.725585
0.005324
-0.096709
0.193308
0.206314
0.253878
0.681395
-0.048708
0.461128
-0.028186
-0.173687
0.622071
-0.080326
-0.335120
-0.039295
0.407481
0.292473
0.414754
-0.193243
-0.068347
0.131594
0.441532
0.800935
0.747424
-0.101679
0.092225
0.567219
-0.057941
0.020455
0.388539
0.709280
0.389374
-0.146807
-0.017280
-0.046529
0.889246
0.841760
0.150445
-0.335825
-0.090667
0.909432
-0.106776
0.111469
0.278028
0.173357
0.077708
-0.157450
0.081416
-0.110749
0.347800
0.431126
0.091822
0.127282
-0.004032
-0.225478
-0.050588
0.246656
-0.319904
-0.101609
0.198776
0.903991
-0.214078
0.111032
-0.076009
-0.094515
0.078440
-0.240057
0.449755
-0.244536
-0.181821
0.530037
-0.046426
-0.098587
0.833243
0.206863
0.058889
0.211666
0.020862
0.103969
-0.243193
0.198429
-0.059605
0.088629
0.767552
0.300039
0.616832
-0.251068
0.036900
-0.109525
0.029071
0.028299
-0.076453
-0.050546
0.078933
0.908054
0.145302
0.276803
0.888779
0.218749
-0.176842
0.169435
-0.316287
-0.134936
0.083648
0.663036
0.909892
-0.016575
-0.155718
0.236948
0.052122
0.162531
0.072985
-0.040932
-0.191326
0.459848
0.186907
0.428811
0.781463
-0.168421
0.045447
0.900709
0.167392
0.560304
-0.051638
0.179342
0.038941
0.331643
0.717800
0.268569
0.334497
0.509885
-0.177177
0.124985
-0.175407
0.025011
0.864176
0.041737
0.128367
0.225662
-0.075700
0.325290
0.174168
-0.180531
-0.135289
-0.193023
0.328141
-0.173351
0.602630
-0.041248
-0.175011
0.430388
0.275267
-0.011930
-0.013324
0.176782
0.880012
0.262339
0.358173
0.246495
-0.119691
0.198584
0.216771
-0.148517
0.013964
0.201598
-0.199573
0.098372
0.854625
-0.343962
-0.052552
0.054614
0.671235
0.093709
0.590271
0.789650
0.186630
0.112965
0.120228
0.711496
0.192467
0.091454
-0.112862
0.371660
-0.128048
0.083844
0.010521
-0.215970
0.451374
-0.112165
0.076480
0.212979
-0.025051
0.156767
0.039135
0.602830
0.084385
0.088356
0.269321
0.423631
-0.064369
0.024094
0.087210
0.469950
0.075287
0.118417
-0.043322
-0.005000
-0.145530
-0.129640
0.002404
-0.127179
-0.271004
-0.312028
0.206521
0.421492
-0.185190
0.369642
0.263407
-0.088448
0.070192
-0.012492
0.105211
0.923625
-0.000752
-0.141826
0.617021
0.007696
0.185639
-0.054712
0.560547
0.905673
0.024838
-0.149913
0.131649
0.078757
0.429070
0.052430
-0.054707
0.494949
0.086971
-0.101849
0.363403
-0.070428
0.231491
-0.213181
0.386493
0.497891
-0.101450
-0.151022
0.204995
0.248710
0.003137
0.060259
0.359528
-0.136213
-0.147553
-0.328658
-0.219850
-0.115424
-0.217482
0.830435
-0.084462
0.189990
0.293680
0.658622
0.216910
-0.073866
-0.077237
0.154834
-0.128024
-0.092946
0.013203
-0.020532
-0.120426
0.544044
0.884244
0.028771
-0.145249
0.019731
0.222095
-0.086678
-0.071183
0.033646
-0.006091
0.072774
0.271220
0.234340
0.445532
0.199540
-0.044998
0.128747
-0.172265
0.664076
0.047754
-0.214417
0.340840
0.056353
0.126051
0.148855
0.144420
0.351090
0.574741
0.034811
-0.142476
-0.078369
0.022562
0.269374
-0.008986
-0.044559
0.178794
0.386432
0.862454
0.227365
0.022627
-0.182209
-0.166822
0.460077
0.130690
0.947843
0.299644
-0.116474
-0.204216
0.609877
0.316728
0.310907
-0.113852
0.028070
-0.079627
0.332490
-0.117447
0.021346
0.811563
0.127695
0.393574
0.187641
0.771395
0.247790
0.176305
0.101352
-0.239669
-0.211589
-0.072993
0.238993
0.282733
0.040393
0.059366
0.582551
0.372188
-0.126979
0.906522
-0.283709
-0.193877
-0.081326
0.296475
0.064840
0.356161
-0.202757
0.355824
-0.140787
0.166591
0.329235
-0.062992
0.316856
-0.125583
0.238009
-0.094642
0.143600
-0.043055
0.143292
-0.242798
-0.088245
0.117857
0.803269
0.487496
0.828769
0.079599
0.266964
0.400330
0.874134
0.954636
0.101135
0.502031
-0.036148
-0.309647
0.736671
0.926785
0.195488
-0.059332
0.079904
0.139290
-0.168889
0.211853
0.133973
0.080962
0.040145
0.798189
0.170130
0.818998
0.264980
0.201583
-0.114873
-0.179052
0.517849
0.058176
0.921839
-0.035513
0.587510
0.218705
0.221455
0.288050
-0.222679
0.336352
0.905790
0.010349
0.073535
0.194379
0.155111
0.651470
0.668728
0.122417
0.216397
0.295210
-0.115122
0.916882
0.161539
-0.246950
0.373108
-0.100326
0.059150
-0.038769
-0.016510
0.293109
0.805553
0.018852
0.439850
0.069645
-0.015615
-0.103767
-0.182324
0.154565
-0.186772
-0.103324
-0.018869
0.047802
0.791002
0.369165
-0.094957
-0.044172
0.282974
-0.056357
-0.115596
0.065519
-0.009476
0.109039
0.175963
-0.154836
0.221607
-0.068058
0.078076
-0.198202
0.530558
0.497694
0.189366
0.887837
-0.136747
0.319344
-0.149950
0.858968
0.543616
0.480739
0.738958
-0.212067
0.571687
0.016047
0.019826
0.047825
0.032047
0.603641
0.157710
0.076598
0.475105
-0.105379
0.082729
0.107877
0.452017
-0.000786
-0.078627
0.543120
0.163755
0.097061
-0.093127
0.030425
0.131897
0.031546
0.027327
-0.128572
0.597509
0.092667
0.166053
-0.143681
0.185081
0.244092
0.168438
-0.142889
-0.139040
-0.045830
0.216226
0.044294
0.057385
-0.060587
-0.173765
-0.230660
0.488348
0.081679
0.157729
0.540886
0.044586
0.002648
-0.058315
0.363530
-0.181396
-0.074398
0.631306
0.187473
0.165120
-0.073802
-0.019349
-0.223291
0.493472
0.129891
0.132342
0.160649
0.515654
-0.128992
-0.041156
0.250326
-0.148257
-0.121371
0.617555
0.783732
0.032638
0.270663
-0.043719
-0.044322
-0.194896
0.240761
0.368678
0.875492
0.049769
0.349825
0.018508
0.231363
0.286283
-0.141766
0.099456
0.209020
-0.172122
0.078827
-0.140564
-0.064713
0.258813
0.494860
0.750294
0.864336
0.086350
0.321870
0.672431
0.055164
0.000449
-0.118296
-0.221468
-0.046737
-0.316950
0.129559
0.531418
0.037910
0.880359
0.822840
-0.115102
0.049738
0.349627
0.873857
0.305732
-0.073903
-0.013309
0.053160
-0.113509
0.500219
0.373422
-0.384739
0.841716
0.097695
0.071010
0.442788
0.618195
0.084916
-0.284092
0.226375
-0.106617
-0.026558
0.183505
0.434255
-0.085552
0.089482
0.563261
-0.067524
0.359758
-0.002256
0.010499
-0.021366
0.088099
0.016627
-0.117091
0.916165
0.108507
-0.148570
0.818209
0.031038
0.084477
-0.006732
0.193548
0.842615
-0.001932
0.047316
0.048991
0.645078
0.286293
-0.046517
0.210639
0.180141
0.123544
0.115657
0.251978
-0.098501
0.235155
0.156199
-0.040152
-0.217971
-0.039700
0.180858
-0.089988
0.247963
0.207946
-0.355623
-0.022631
0.128812
-0.045841
-0.024348
-0.042819
0.878410
0.203140
0.268956
0.150702
0.082627
0.292638
0.190750
-0.070918
0.150738
0.089581
-0.030435
0.138378
-0.113258
-0.150649
-0.045079
0.015804
0.510015
0.220187
0.257948
0.088281
0.549317
0.318520
0.136318
0.708083
-0.205895
-0.065825
-0.196279
0.151188
0.561937
-0.128858
0.433948
-0.053936
-0.102614
0.212127
0.311651
-0.035457
-0.056180
0.095307
-0.043048
0.075158
0.230465
0.038261
-0.249243
-0.219494
0.220927
0.915863
0.270407
0.307603
0.566263
-0.049447
0.007443
-0.084374
0.914009
0.327205
-0.058708
0.176101
-0.266331
0.078165
-0.099126
0.050622
0.900932
0.057231
0.001151
-0.066116
-0.012151
-0.003502
-0.250841
0.332592
-0.100572
0.132443
-0.148106
-0.166434
-0.079871
-0.214744
0.161021
-0.266533
0.119682
0.067519
0.677341
0.031816
-0.134993
-0.240299
-0.212136
-0.096393
-0.147472
0.909875
0.541685
0.030394
0.848318
0.326786
-0.191656
0.870863
0.862441
-0.177095
0.105655
-0.027102
0.005544
0.813261
0.028241
-0.203679
-0.014745
0.913428
0.858626
0.459900
0.729490
0.343224
0.382601
0.212510
0.106604
-0.087256
0.251858
0.266477
-0.025789
0.588117
0.173193
-0.270872
0.153263
0.058465
0.564629
-0.108999
0.043044
0.282197
0.180025
0.348373
0.227076
-0.022388
0.732769
0.522245
-0.254993
-0.040046
-0.320928
0.029244
0.348621
-0.309249
-0.152384
0.056648
0.546537
-0.181863
0.047024
-0.130490
0.031959
0.441850
0.085601
-0.059989
0.103985
-0.196116
0.157327
-0.307458
0.323317
0.060851
0.076043
-0.087322
0.727464
0.057674
0.407894
0.052731
-0.059097
-0.069323
0.445605
-0.246395
0.065132
0.072343
0.190036
0.856832
0.115234
0.001971
-0.012699
-0.133545
-0.189088
-0.289815
0.256161
0.084068
0.247056
-0.223782
-0.115422
0.301485
0.063746
-0.038460
-0.096911
-0.137771
0.277895
0.098226
-0.010789
0.024923
-0.088282
-0.277001
0.120770
-0.084450
0.226348
0.075176
-0.210135
0.409989
0.177120
-0.099903
0.031503
0.067980
-0.040412
0.636745
-0.161666
-0.139571
0.003879
0.292982
0.045072
0.897569
0.053661
0.284010
0.425446
-0.049906
0.488753
0.180125
0.110266
-0.184379
0.215776
0.876331
0.429451
-0.166508
0.745008
-0.192665
0.717522
0.242695
0.247539
-0.096329
0.831873
0.057425
0.582901
0.171916
0.105195
0.531623
0.489695
0.183210
-0.146019
-0.042301
-0.068397
-0.081134
-0.129381
-0.046492
0.852980
-0.023896
-0.176202
0.058667
0.572535
0.369735
0.827055
0.801473
0.335990
0.084719
0.898705
-0.062131
0.017340
0.586585
0.056875
0.743410
0.789514
-0.332512
0.100133
-0.001470
-0.106989
0.146571
0.214982
-0.042659
-0.175510
0.175141
0.207556
0.331935
0.002583
-0.165934
0.011323
0.202978
0.304395
0.862789
0.010205
0.071454
0.449975
-0.245900
0.916111
0.392647
-0.317657
0.050406
-0.146741
-0.004797
0.095612
-0.017411
0.213637
-0.317956
-0.283311
0.060343
-0.198664
0.265256
0.834960
-0.121916
-0.106747
-0.098254
0.341057
-0.106577
-0.166819
-0.188891
0.057001
0.207714
0.656903
0.356265
0.432272
0.846283
-0.104136
-0.198664
-0.131158
0.253776
-0.004007
-0.105142
0.421555
-0.013282
0.100318
0.206404
0.791918
0.301124
0.543643
-0.007210
0.206972
0.899050
0.811419
0.153578
-0.192096
0.853053
-0.260795
-0.274323
0.162273
-0.127986
-0.070790
0.872960
0.005563
0.887092
0.609154
0.367019
-0.139697
0.017411
0.123197
-0.084898
0.293219
-0.268180
0.081016
0.595559
-0.346524
0.518710
-0.282947
-0.392066
0.324951
-0.184679
0.185812
-0.096438
0.135535
0.033078
0.917831
0.277792
-0.125456
0.565383
0.157728
0.012980
0.922018
-0.208065
0.876863
0.120193
0.051949
-0.050105
-0.082289
0.020230
0.023937
-0.271980
-0.164026
-0.046186
0.709544
0.428850
0.134836
-0.204483
0.088750
-0.066277
0.713908
0.352752
0.226340
0.125223
0.910856
0.106922
0.102413
0.909233
0.185764
-0.005503
-0.086887
